8200
59
122953
8269
8270
92
8289
8295
57459
142
57491
57496
57504
8356
8362
57534
57536
196
8435
8463
57634
221496
321
322
323
333
343
8554
57708
147872
65980
57798
8648
466
472
221692
545
8771
580
8815
657
8850
659
8854
90780
8932
745
221937
766
861
863
9100
9141
9169
9200
9253
9274
1108
58508
9372
9425
9442
9443
25833
91419
91442
116028
25930
1374
9577
1388
1387
25962
9611
9612
9619
9647
26039
1543
9739
1551
9749
26147
9765
1582
1591
1594
1602
124491
9839
9857
9862
1717
9931
116447
9966
10014
83746
10042
10046
124739
10055
10062
1912
1911
255877
26503
10123
51105
1959
51144
1998
10217
2033
2070
51230
2103
2117
2139
2140
2145
2146
51317
2175
2176
2178
2186
51341
2189
51347
2224
2222
84148
10428
2237
116931
84164
51426
51455
10499
10522
10524
10589
51564
10629
117154
27063
10714
84441
27097
27120
84464
51720
10763
84498
10771
27154
51742
51750
2626
2649
10847
27242
2672
10919
10927
10933
27327
84726
84901
11177
11201
11238
3054
84976
3090
60481
3170
3172
3198
3516
3607
159296
134728
3720
3992
3995
4087
4088
100134934
389170
4149
4199
4205
192670
192683
4284
4292
28984
4437
4438
4439
29079
29115
4664
4683
4783
283377
4853
4854
4855
54014
4862
5087
5252
29841
29843
79007
54454
29890
54542
79184
5460
284058
5536
54790
79447
54880
54890
54904
54934
161436
55023
5890
5892
5893
5927
55120
5978
5987
79722
55170
55183
55193
6046
55206
79819
79823
6095
6097
55280
79872
55333
161882
6257
80012
6314
112869
80198
80206
80205
6497
6493
55689
80270
22926
22955
63925
6594
63941
6595
6597
6599
55758
6603
6605
6613
55777
63976
23030
55818
23054
375318
23081
113201
23090
23091
23093
23097
55869
6720
23179
23187
121536
23269
23294
6928
23314
6935
6938
23338
64324
441168
7003
7005
23389
7008
113510
23408
23411
23414
64420
56246
56252
23506
23512
23522
7156
7158
171023
64641
7341
7398
7403
64754
64784
7444
7468
7507
7518
7520
286053
56731
7690
56950
81550
56983
7867
7923
89927
8085
8099
8110
57332
57337
