8192
81930
90196
8302
119
57511
177
114876
8417
147700
286
287
8506
392
395
57822
8675
8729
148022
205428
115352
821
829
830
832
919
9117
942
960
972
9173
25782
9402
25820
25839
1272
25852
1314
25924
9632
9641
50619
1508
1512
1510
1519
26128
9755
9777
26191
9830
50807
91828
9919
83696
1780
83719
51019
10107
10121
10139
51128
10186
2038
83988
10282
10296
10333
2157
51399
2259
51447
116985
10540
26958
51542
2590
10861
84619
150159
27296
10960
2804
11014
11015
11074
2897
2898
2900
2901
2908
84868
60412
3105
3106
3107
3109
3112
3113
3115
3118
3119
3122
3123
3127
3133
3134
3135
11336
3146
388403
85300
3394
3554
3557
167410
3654
3661
3662
3663
3664
3665
3737
3797
3798
3799
3811
3821
3822
3823
3831
3834
3965
4012
4048
340061
53347
4253
4261
4289
4306
51332
29091
4600
4905
5133
5270
54467
54476
79132
54566
54795
128637
5777
5786
5861
55014
55016
5870
55080
5996
79748
55254
55275
112755
6326
6334
6340
6452
203062
80232
22937
55765
23046
6672
55843
23087
23095
6710
6711
23114
6773
64135
6810
6843
23265
23274
6890
6891
23321
23325
80742
7039
23423
7096
7109
220136
23564
23569
23586
252983
64689
64761
7535
65065
7726
81570
7850
57003
81603
89796
220972
57162
89953
81793
8079
