131096
102
199
57628
8516
327
8514
334
473
8694
8859
717
720
721
8974
8987
921
923
941
943
948
9145
958
961
965
970
975
1000
1001
1004
9196
1009
1008
1012
1013
9312
1139
1143
1141
1140
9374
1284
1287
1295
1302
1310
1363
91522
1435
1493
222698
1535
1589
26251
9882
124626
9991
165679
10043
51101
387032
116729
2153
2161
2200
2204
84141
10491
2317
10516
10584
51552
10636
338339
84418
84467
27133
84570
27255
84695
10970
387837
11076
150372
63943
11259
3163
3371
85301
3381
3673
3676
3678
3680
3683
3684
3687
3691
3693
3748
3751
3756
3790
3912
3915
3916
3929
339834
94103
4065
4126
4179
4237
4238
4257
200942
4360
28956
340267
4486
4485
29106
5033
5328
29920
5351
79158
30008
54587
84146
284110
54757
5611
54854
5795
652968
54972
5906
5909
79726
55214
55304
79895
6447
6494
6515
6545
55715
121260
80317
80333
63979
55876
64114
23250
23385
170850
23416
23415
64386
7059
7087
7092
7093
80864
7143
7148
654346
7292
7373
64856
171546
81578
7881
81619
57153
729085
