14
23
104
57505
57532
8402
57602
57661
90459
8661
8662
8663
549
677
678
90806
746
9054
115752
58477
9349
1201
25885
26024
91574
9692
222696
9732
26135
1615
91749
1656
9887
26275
9924
26354
9980
1797
223075
10102
51081
26519
10150
51118
1984
26574
83943
26610
10248
10257
51218
51258
2230
84154
51389
157922
57446
51504
51520
26995
27042
10658
10667
27067
256471
10767
27230
27340
11056
11102
11165
84916
3048
125950
11273
11329
60488
60678
60680
134430
3692
126789
94160
4141
4234
4285
28957
28973
28985
28987
135644
201292
4733
4736
4848
4931
5073
29883
54464
5339
128240
54512
54540
5442
54881
54899
54913
55027
55052
55127
55135
55140
79897
6185
55342
6204
6205
6222
6224
6231
30836
80114
80153
22849
260434
6499
22913
63929
80311
22984
55759
23012
55802
23066
129563
23076
6729
23203
6838
23223
56006
6894
23293
138046
23369
285527
23395
23480
170954
23567
23587
7284
7453
64969
64978
64981
56919
56945
7832
57019
81605
57128
7978
57176
