163882
57449
286827
57480
57514
8395
57556
8412
57583
8440
284
8482
57644
57648
308
57670
8546
355
8550
57705
57706
57710
8558
8567
387
57732
90523
8621
8672
131566
66036
8718
139818
572
8767
577
578
8777
596
604
8797
8805
8807
8809
8826
640
8844
660
8874
8897
8915
8935
8986
58155
148281
836
840
841
843
860
132001
9180
999
9209
246778
1018
1021
9244
1124
9351
9353
124044
25759
1185
9423
9444
1270
1271
9466
9474
25865
9489
9520
50488
25925
9542
9564
25953
25970
25998
1436
1439
1445
9639
1459
1460
50615
26053
9677
1496
50650
9693
1501
140775
9723
1540
345611
9743
9750
9771
1605
1611
9807
1620
9815
9821
1630
9825
9826
100271715
58985
9844
124540
1666
9863
83593
9894
9901
9912
83648
1794
1795
10000
1808
10019
1826
10018
1837
10052
91975
26469
10105
51072
10114
10125
59277
1946
1948
1949
1956
10154
10219
2045
2047
2048
2050
92170
10251
2064
51256
2114
10318
51306
51329
10371
2185
10395
10397
2213
51368
10413
10423
2264
2266
51422
2272
2309
2314
10507
10509
2355
51561
27006
117145
2475
84433
84448
2533
27113
117245
2581
51735
51741
117283
10788
117289
10809
10817
2629
10827
84557
2690
10892
10924
84668
84674
11044
387893
2885
2889
117584
11113
11122
11140
84883
166824
2997
84938
11221
84951
84959
257068
11315
3265
60676
3338
257397
3454
3460
3480
3481
85440
85458
3559
85480
3560
3563
3570
3574
3592
3594
3595
3596
3631
3633
3635
3655
3705
3706
3707
3716
3717
126626
3815
3908
3918
3976
3977
3993
3996
4000
94134
4067
4215
4216
4217
4233
53405
4301
4440
4515
201176
143872
4637
53833
4688
4689
4790
4799
283383
4914
4915
4916
5037
54206
5058
54212
5062
5063
5128
5147
5218
259230
5287
5291
5294
5297
5305
54463
5321
5341
54496
5365
79092
201973
79109
79147
5420
5450
5563
54715
5579
5581
5582
5584
5585
5586
5587
5588
5594
5595
5596
5601
5602
5604
5618
153090
284217
284252
5728
54922
5771
5770
5783
5796
5801
55024
5880
79628
55054
5900
55061
5910
5913
5921
5924
55089
169792
79680
5962
112476
128869
5998
6009
6014
6016
6091
6092
79837
79899
55332
6196
6197
6198
55361
55367
6237
30849
80005
80031
55512
6405
55558
22797
22800
22806
6446
399687
260425
55626
22861
22876
6503
6512
22906
55701
63916
55740
6585
22979
6610
23022
6641
23031
23035
23037
6654
145957
64083
64090
6774
23164
64127
23167
6789
55966
121512
64170
6850
23239
23262
23263
56034
6899
129807
23312
23335
64319
23365
23371
64333
64332
23370
7006
80739
7022
64375
64398
7074
7082
80824
80853
7132
375775
56288
7145
7157
7159
23558
7205
23623
7294
7295
7297
154796
154810
23769
7402
7405
64759
7423
7424
7430
7450
56623
64927
253430
56829
56848
56896
56920
163486
89846
89884
57144
219771
221002
163702
57217
147372
81846
81858
