8192	81570
8192	6672
23046	81930
23046	147700
23046	8729
23046	1314
23046	26958
23046	11014
23046	11015
23046	3797
23046	3798
23046	3799
23046	3831
23046	3834
23046	5861
23046	55254
23046	89953
23046	23095
23046	23423
81930	11014
81930	89953
81930	829
81930	23095
81930	3797
81930	23423
81930	3799
81930	1780
81930	114876
81930	3123
81930	26128
81930	830
81930	1314
81930	10121
81930	8729
81930	3118
81930	3119
81930	3127
81930	147700
81930	3122
81930	11015
81930	5861
81930	3834
81930	3112
81930	3113
81930	3109
81930	832
81930	26958
81930	3115
81930	10540
81930	3798
81930	3831
54795	6340
54795	6334
54795	6326
23564	8079
5133	942
5133	84868
5133	3113
5133	3115
5133	3118
5133	3119
5133	3122
5133	3123
5133	3127
5133	5777
26128	3797
6672	960
6672	9830
6672	10107
6672	11074
6672	3105
6672	3106
6672	3107
6672	3113
6672	3115
6672	3118
6672	3119
6672	3122
6672	3123
6672	3127
6672	3133
6672	3134
6672	3135
6672	3394
6672	3661
6672	3662
6672	3663
6672	3664
6672	3665
6672	4261
6672	81570
6672	23087
6672	81603
6672	23321
6672	7726
23569	26191
83988	205428
83988	1314
83988	9632
83988	2901
83988	23423
83988	2897
83988	2898
83988	26958
83988	2900
8729	147700
8729	286
8729	287
8729	10282
8729	11014
8729	89953
8729	829
8729	23095
8729	3797
8729	23423
8729	3799
8729	51332
8729	1780
8729	6711
8729	830
8729	1314
8729	10121
8729	11015
8729	5861
8729	3834
8729	832
8729	26958
8729	10540
8729	3798
8729	3831
8729	6710
9755	9641
2590	829
2590	830
2590	832
2590	25782
2590	1780
2590	10121
2590	10540
2590	5870
3105	8302
3105	821
3105	919
3105	942
3105	960
3105	9402
3105	9632
3105	9830
3105	10107
3105	51128
3105	51447
3105	11074
3105	4012
3105	3134
3105	7535
3105	55080
3105	3394
3105	23087
3105	81603
3105	6773
3105	4600
3105	23321
3105	6890
3105	3663
3105	3123
3105	3664
3105	6891
3105	3118
3105	3119
3105	3127
3105	3107
3105	3133
3105	3662
3105	3822
3105	3811
3105	3122
3105	3665
3105	3112
3105	5777
3105	3113
3105	3109
3105	3106
3105	3115
3105	7726
3105	3135
3105	3821
3105	3661
3105	4261
3106	8302
3106	821
3106	960
3106	9632
3106	9830
3106	10107
3106	51128
3106	51447
3106	11074
3106	4012
3106	3134
3106	55080
3106	3394
3106	23087
3106	81603
3106	6773
3106	4600
3106	23321
3106	6890
3106	3663
3106	3123
3106	3664
3106	6891
3106	3118
3106	3119
3106	3127
3106	3107
3106	3133
3106	3662
3106	3822
3106	3811
3106	3122
3106	3665
3106	3112
3106	3113
3106	3109
3106	3115
3106	7726
3106	3135
3106	3821
3106	3661
3106	4261
3107	821
3107	960
3107	9632
3107	9830
3107	10107
3107	51128
3107	51447
3107	11074
3107	4012
3107	3134
3107	3394
3107	23087
3107	81603
3107	6773
3107	4600
3107	23321
3107	6890
3107	3663
3107	3123
3107	3664
3107	6891
3107	3118
3107	3119
3107	3127
3107	3133
3107	3662
3107	3822
3107	3811
3107	3122
3107	3665
3107	3112
3107	3113
3107	3109
3107	3115
3107	7726
3107	3135
3107	3821
3107	3661
3107	4261
55843	54476
3109	114876
3109	147700
3109	829
3109	830
3109	832
3109	972
3109	1780
3109	10121
3109	10540
3109	89953
3109	3797
3109	3799
3109	3123
3109	3118
3109	3119
3109	3127
3109	3133
3109	3122
3109	3112
3109	3113
3109	3115
3109	3798
3109	3831
23586	25820
23586	9641
23586	10333
23586	3661
23586	3665
23586	340061
23586	4600
23586	54476
23586	79132
23586	6773
23586	64135
23586	7096
23586	81793
3112	114876
3112	147700
3112	829
3112	830
3112	832
3112	972
3112	1780
3112	10121
3112	10540
3112	89953
3112	3797
3112	3799
3112	3123
3112	3118
3112	3119
3112	3127
3112	3133
3112	3122
3112	3113
3112	3115
3112	3798
3112	3831
3113	114876
3113	147700
3113	821
3113	829
3113	830
3113	832
3113	960
3113	972
3113	9402
3113	9632
3113	1508
3113	1512
3113	1510
3113	1519
3113	26191
3113	9830
3113	1780
3113	10107
3113	10121
3113	51128
3113	10540
3113	11074
3113	89953
3113	3134
3113	3797
3113	7535
3113	3394
3113	23087
3113	81603
3113	3799
3113	23321
3113	3663
3113	3123
3113	3664
3113	3118
3113	3119
3113	3127
3113	3133
3113	3662
3113	3122
3113	3665
3113	5777
3113	3115
3113	3798
3113	7726
3113	220972
3113	3135
3113	3831
3113	55016
3113	3661
3113	4261
10282	57511
10282	8417
10282	286
10282	287
10282	8675
10282	829
10282	830
10282	832
10282	9117
10282	25839
10282	1314
10282	9632
10282	83696
10282	1780
10282	10121
10282	112755
10282	11014
10282	55014
10282	7109
10282	7039
10282	23423
10282	10960
10282	79748
10282	64689
10282	6810
10282	51332
10282	6711
10282	2157
10282	2804
10282	6843
10282	4905
10282	11015
10282	5861
10282	26958
10282	10540
10282	51399
10282	6710
3115	114876
3115	147700
3115	821
3115	829
3115	830
3115	832
3115	919
3115	960
3115	972
3115	9402
3115	9632
3115	1508
3115	1512
3115	1510
3115	1519
3115	26191
3115	9830
3115	1780
3115	10107
3115	10121
3115	51128
3115	10540
3115	11074
3115	89953
3115	3134
3115	3797
3115	7535
3115	3394
3115	23087
3115	81603
3115	3799
3115	23321
3115	3663
3115	3123
3115	3664
3115	3118
3115	3119
3115	3127
3115	3133
3115	3662
3115	3122
3115	3665
3115	5777
3115	3798
3115	7726
3115	3135
3115	3831
3115	3661
3115	4261
65065	388403
3118	114876
3118	147700
3118	821
3118	829
3118	830
3118	832
3118	960
3118	972
3118	9402
3118	9632
3118	1508
3118	1512
3118	1510
3118	1519
3118	26191
3118	9830
3118	1780
3118	10107
3118	10121
3118	51128
3118	10540
3118	11074
3118	89953
3118	3134
3118	3797
3118	7535
3118	3394
3118	23087
3118	81603
3118	3799
3118	23321
3118	3663
3118	3123
3118	3664
3118	3119
3118	3127
3118	3133
3118	3662
3118	3122
3118	3665
3118	5777
3118	3798
3118	7726
3118	3135
3118	3831
3118	3661
3118	4261
3119	114876
3119	147700
3119	821
3119	829
3119	830
3119	832
3119	960
3119	972
3119	9402
3119	9632
3119	1508
3119	1512
3119	1510
3119	1519
3119	26191
3119	9830
3119	1780
3119	10107
3119	10121
3119	51128
3119	10540
3119	11074
3119	89953
3119	3134
3119	3797
3119	7535
3119	3394
3119	23087
3119	81603
3119	3799
3119	23321
3119	3663
3119	3123
3119	3664
3119	3127
3119	3133
3119	3662
3119	3122
3119	3665
3119	5777
3119	3798
3119	7726
3119	3135
3119	3831
3119	3661
3119	4261
23087	960
23087	3122
23087	3123
23087	3127
23087	3133
23087	3134
23087	3135
23087	3394
23087	3661
23087	3662
23087	3663
23087	3664
23087	3665
23087	4261
9777	8417
9777	10960
9777	4289
3122	114876
3122	147700
3122	821
3122	829
3122	830
3122	832
3122	919
3122	942
3122	960
3122	972
3122	9402
3122	9632
3122	1508
3122	1512
3122	1510
3122	1519
3122	26191
3122	9830
3122	1780
3122	10107
3122	10121
3122	51128
3122	10540
3122	11074
3122	89953
3122	3134
3122	3797
3122	7535
3122	3394
3122	81603
3122	3799
3122	23321
3122	3663
3122	3123
3122	3664
3122	5996
3122	3127
3122	3133
3122	3662
3122	3665
3122	5777
3122	3798
3122	7726
3122	3135
3122	3831
3122	6452
3122	55016
3122	3661
3122	4261
3123	114876
3123	147700
3123	821
3123	829
3123	830
3123	832
3123	919
3123	942
3123	960
3123	972
3123	9402
3123	9632
3123	1508
3123	1512
3123	1510
3123	1519
3123	26191
3123	9830
3123	1780
3123	10107
3123	10121
3123	51128
3123	10540
3123	11074
3123	89953
3123	3134
3123	3797
3123	7535
3123	3394
3123	81603
3123	3799
3123	23321
3123	3663
3123	3664
3123	5996
3123	3127
3123	3133
3123	3662
3123	3665
3123	5777
3123	3798
3123	7726
3123	3135
3123	3831
3123	6452
3123	55016
3123	3661
3123	4261
7726	960
7726	3127
7726	3133
7726	3134
7726	3135
7726	3394
7726	3661
7726	3662
7726	3663
7726	3664
7726	3665
7726	4261
148022	64135
148022	3665
148022	9641
148022	3661
3127	114876
3127	147700
3127	821
3127	829
3127	830
3127	832
3127	960
3127	972
3127	9402
3127	9632
3127	1508
3127	1512
3127	1510
3127	1519
3127	26191
3127	9830
3127	1780
3127	10107
3127	10121
3127	51128
3127	10540
3127	11074
3127	89953
3127	3134
3127	3797
3127	7535
3127	3394
3127	81603
3127	3799
3127	23321
3127	3663
3127	3664
3127	3133
3127	3662
3127	3665
3127	5777
3127	3798
3127	3135
3127	3831
3127	55016
3127	3661
3127	4261
10296	25852
10296	167410
10296	10861
10296	80232
23095	147700
23095	1314
23095	26958
23095	11014
23095	11015
23095	3797
23095	3798
23095	3799
23095	3831
23095	3834
23095	5861
23095	89953
23095	23423
6710	57511
6710	286
6710	287
6710	829
6710	830
6710	832
6710	25839
6710	1314
6710	1780
6710	10121
6710	2038
6710	10540
6710	26958
6710	2804
6710	11014
6710	11015
6710	51332
6710	4905
6710	5786
6710	5861
6710	6326
6710	6334
6710	23423
6710	64689
6710	23114
6710	6711
6711	57511
6711	286
6711	287
6711	829
6711	830
6711	832
6711	25839
6711	1314
6711	1780
6711	10121
6711	10540
6711	26958
6711	2804
6711	11014
6711	11015
6711	51332
6711	4905
6711	5786
6711	5861
6711	6326
6711	6334
6711	23423
6711	64689
6711	23114
252983	4012
252983	6810
3133	8302
3133	821
3133	960
3133	9402
3133	9632
3133	9830
3133	10107
3133	51128
3133	51447
3133	11074
3133	4012
3133	3134
3133	3394
3133	81603
3133	6773
3133	4600
3133	23321
3133	6890
3133	3663
3133	3664
3133	6891
3133	3662
3133	3822
3133	3811
3133	3665
3133	3135
3133	3823
3133	3821
3133	3661
3133	4261
3134	821
3134	960
3134	9632
3134	9830
3134	10107
3134	51128
3134	51447
3134	11074
3134	4012
3134	3394
3134	81603
3134	6773
3134	4600
3134	23321
3134	6890
3134	3663
3134	3664
3134	6891
3134	3662
3134	3822
3134	3811
3134	3665
3134	3135
3134	3821
3134	3661
3134	4261
3135	821
3135	960
3135	9632
3135	9830
3135	10107
3135	51128
3135	51447
3135	11074
3135	4012
3135	3394
3135	81603
3135	6773
3135	4600
3135	23321
3135	6890
3135	3663
3135	3664
3135	6891
3135	3662
3135	3822
3135	3811
3135	3665
3135	3821
3135	3661
3135	4261
3654	9173
3654	10333
3654	3146
3654	3554
3654	3557
3654	57003
3654	81793
3654	3663
3654	57162
3654	7096
3654	3665
11336	25924
11336	50807
11336	60412
11336	6810
11336	23265
3146	177
3146	829
3146	830
3146	2908
3146	84868
3146	3663
3146	7096
3146	3664
3146	3662
3146	3665
3146	3661
23114	286
23114	287
23114	8506
23114	1272
23114	3737
23114	51332
23114	6326
23114	6334
3661	960
3661	25820
3661	9641
3661	9830
3661	10107
3661	10333
3661	51447
3661	11074
3661	2908
3661	79132
3661	64135
3661	81603
3661	81793
3661	6773
3661	340061
3661	4600
3661	23321
3661	3663
3661	7096
3661	3664
3661	3662
3661	3665
3661	4261
3662	960
3662	50619
3662	9830
3662	10107
3662	51447
3662	11074
3662	2908
3662	81603
3662	6773
3662	4600
3662	23321
3662	3663
3662	3664
3662	3665
3662	4261
26191	115352
26191	919
26191	7535
26191	3663
3663	960
3663	9830
3663	10107
3663	51447
3663	11074
3663	2908
3663	81603
3663	6773
3663	4600
3663	23321
3663	3664
3663	3665
3663	4261
3664	57822
3664	960
3664	9830
3664	10107
3664	51447
3664	11074
3664	2908
3664	81603
3664	6773
3664	4600
3664	23321
3664	3665
3664	4261
3665	960
3665	9641
3665	9830
3665	10107
3665	51447
3665	11074
3665	2908
3665	79132
3665	64135
3665	81603
3665	6773
3665	4600
3665	23321
3665	4261
90196	51542
90196	5870
90196	25839
90196	8675
90196	27296
90196	4905
90196	57511
90196	55275
90196	10139
10333	942
10333	64135
10333	7096
10333	3554
340061	9641
340061	64135
53347	7535
9830	960
9830	3394
9830	4261
2157	9117
2157	9632
2157	9919
2157	83696
2157	51128
2157	55014
2157	7109
2157	7039
2157	10960
2157	79748
2157	64689
2157	4905
2157	5861
2157	5270
2157	51399
8302	3822
8302	5777
8302	3821
112755	8675
112755	9117
112755	4905
112755	6843
205428	23423
205428	9632
205428	1314
205428	26958
6773	51447
6773	3394
6773	4600
6773	5777
6773	64135
119	829
119	830
50807	1314
50807	60412
50807	11014
50807	23265
50807	11015
128637	25782
128637	5861
51332	57511
51332	286
51332	287
51332	829
51332	830
51332	832
51332	25839
51332	1314
51332	1780
51332	10121
51332	10540
51332	26958
51332	2804
51332	11014
51332	11015
51332	23423
51332	64689
51332	6334
51332	6326
51332	5786
51332	4905
51332	5861
64135	9641
64135	4600
64135	54476
64135	79132
64135	64761
64135	81793
64135	7096
84619	10139
150159	6340
5777	919
5777	25852
5777	1512
5777	3811
5777	3821
5777	3822
5777	4048
5777	7535
5777	6452
3737	8506
3737	6334
3737	6326
6810	8417
6810	8675
6810	9117
6810	60412
6810	4012
6810	29091
6810	4905
6810	55014
6810	23265
6810	6890
6810	6891
6810	6843
4253	9632
4261	960
4261	10107
4261	11074
4261	3394
4261	81603
4261	23321
57511	11014
57511	829
57511	286
57511	51542
57511	23423
57511	5870
57511	64689
57511	25839
57511	1780
57511	23265
57511	287
57511	830
57511	1314
57511	10121
57511	8675
57511	10186
57511	2804
57511	4905
57511	11015
57511	5861
57511	832
57511	55275
57511	26958
57511	10540
57511	10139
7850	3554
7850	3557
177	829
177	830
64689	286
64689	287
64689	829
64689	830
64689	832
64689	9117
64689	25839
64689	1314
64689	9632
64689	83696
64689	1780
64689	10121
64689	51399
64689	10540
64689	26958
64689	10960
64689	2804
64689	11014
64689	11015
64689	4905
64689	5861
64689	55014
64689	79748
64689	7039
64689	23423
64689	7109
91828	60412
91828	23265
25782	829
25782	830
25782	832
25782	5870
25782	1780
25782	10121
25782	10540
6326	286
6326	287
6326	6340
6326	6334
6326	89796
9402	919
9402	942
9402	7535
9402	3822
6843	8417
6843	8675
6843	4905
6843	55014
6843	55080
6843	203062
114876	89953
114876	829
114876	3797
114876	3799
114876	1780
114876	830
114876	10121
114876	147700
114876	832
114876	10540
114876	3798
114876	3831
6334	286
6334	287
6334	8506
6334	2259
6334	6340
6334	89796
9919	9117
9919	9632
9919	7109
9919	7039
9919	10960
9919	79748
9919	83696
9919	51128
9919	5861
9919	51399
4289	25852
4289	220136
4289	80232
54467	54476
6340	4306
6340	54566
81603	960
81603	3394
51399	9117
51399	9632
51399	83696
51399	51128
51399	55014
51399	7109
51399	7039
51399	10960
51399	79748
51399	5861
10960	9117
10960	9632
10960	83696
10960	51128
10960	55014
10960	7109
10960	7039
10960	79748
10960	4905
10960	5861
4306	829
4306	830
4306	832
4306	1780
4306	10121
4306	10540
4306	2908
3797	147700
3797	829
3797	830
3797	832
3797	1314
3797	1780
3797	10121
3797	10540
3797	26958
3797	11014
3797	11015
3797	89953
3797	23423
3797	3799
3797	5861
3797	3834
3797	3798
3797	3831
3798	147700
3798	829
3798	830
3798	832
3798	1314
3798	1780
3798	10121
3798	10540
3798	26958
3798	11014
3798	11015
3798	89953
3798	23423
3798	3799
3798	5861
3798	3834
3798	3831
3799	147700
3799	829
3799	830
3799	832
3799	1314
3799	1780
3799	10121
3799	10540
3799	26958
3799	11014
3799	11015
3799	8079
3799	89953
3799	23423
3799	5861
3799	3834
3799	3831
25820	4600
8417	55014
8417	9117
8417	29091
8417	8675
8417	4905
23265	25839
23265	60412
23265	55275
3811	3822
3811	3821
5861	147700
5861	286
5861	287
5861	829
5861	830
5861	832
5861	9117
5861	25839
5861	1314
5861	9632
5861	83696
5861	1780
5861	10121
5861	51128
5861	10540
5861	26958
5861	2804
5861	11014
5861	11015
5861	3831
5861	3834
5861	4905
5861	55014
5861	89953
5861	7109
5861	7039
5861	23423
5861	79748
5861	5870
55014	8675
55014	9117
55014	9632
55014	83696
55014	4905
55014	7109
55014	7039
55014	79748
55016	942
23274	55254
6890	821
6890	6891
6891	821
3821	3822
3822	3823
25839	286
25839	287
25839	8675
25839	829
25839	830
25839	832
25839	11014
25839	51542
25839	23423
25839	5870
25839	1780
25839	1314
25839	10121
25839	2804
25839	4905
25839	11015
25839	55275
25839	26958
25839	10540
25839	10139
83696	9117
83696	9632
83696	7109
83696	7039
83696	79748
83696	51128
5870	8675
5870	829
5870	830
5870	832
5870	1780
5870	10121
5870	10139
5870	10540
5870	51542
5870	2804
5870	4905
5870	55275
147700	11014
147700	89953
147700	829
147700	23423
147700	1780
147700	830
147700	1314
147700	10121
147700	11015
147700	3834
147700	832
147700	26958
147700	10540
147700	3831
1780	286
1780	287
1780	829
1780	830
1780	832
1780	1314
1780	2908
1780	11014
1780	89953
1780	23423
1780	10121
1780	2804
1780	11015
1780	26958
1780	10540
1780	3831
2804	286
2804	287
2804	821
2804	829
2804	830
2804	832
2804	1314
2804	10121
2804	10540
2804	26958
2804	11014
2804	23423
2804	4905
2804	11015
51447	3394
51447	4600
1272	8506
116985	1314
116985	11014
116985	11015
3831	829
3831	830
3831	832
3831	1314
3831	10121
3831	10540
3831	26958
3831	11014
3831	11015
3831	85300
3831	89953
3831	23423
3831	3834
3834	1314
3834	26958
3834	11014
3834	11015
3834	89953
3834	23423
25852	1512
25852	4048
25852	388403
25852	80232
11014	286
11014	287
11014	392
11014	395
11014	829
11014	830
11014	832
11014	1314
11014	10121
11014	10540
11014	26958
11014	89953
11014	23423
11014	4905
11014	11015
83719	80232
11015	286
11015	287
11015	392
11015	395
11015	829
11015	830
11015	832
11015	1314
11015	10121
11015	10540
11015	26958
11015	89953
11015	23423
11015	4905
23321	960
23321	3394
79132	4600
23325	829
23325	832
23325	51019
286	829
286	23423
286	2038
286	287
286	830
286	1314
286	10121
286	4905
286	960
286	832
286	26958
286	10540
287	829
287	23423
287	830
287	1314
287	10121
287	4905
287	960
287	832
287	26958
287	10540
1314	392
1314	395
1314	829
1314	830
1314	832
1314	89953
1314	23423
1314	9632
1314	10121
1314	4905
1314	26958
1314	10540
4905	8675
4905	9117
4905	9632
4905	10139
4905	26958
4905	51542
4905	7039
4905	23423
4905	79748
4905	55275
10540	829
10540	830
10540	832
10540	10121
10540	2908
10540	89953
10540	23423
10540	55765
10540	26958
388403	80232
821	972
821	9632
821	51128
6452	919
6452	7535
203062	8675
203062	9117
829	2908
829	51019
829	89953
829	23423
829	830
829	10121
829	832
829	26958
830	2908
830	89953
830	23423
830	10121
830	832
830	26958
832	2908
832	51019
832	89953
832	23423
832	10121
832	26958
11074	960
11074	3394
3394	960
3394	10107
3394	4600
25924	60412
26958	972
26958	9632
26958	10121
26958	89953
26958	23423
2897	2901
2897	2898
2897	2900
2898	2901
2898	2900
2900	2901
51542	8675
51542	10139
51542	55275
2908	10121
89953	10121
89953	23423
80742	10107
5996	919
7535	919
7535	942
7535	50619
10107	960
3965	84868
7039	9117
7039	9632
7039	51128
7039	79748
7039	7109
23423	9632
23423	10121
81793	3554
79748	9117
79748	9632
79748	51128
79748	7109
392	8079
10121	55765
919	942
22937	9632
22937	51128
10139	8675
10139	55275
9117	8675
9117	7109
9117	9632
9117	51128
9632	972
9632	7109
9632	51128
29091	60412
4012	167410
942	7096
942	960
51128	972
51128	7109
7096	3554
960	972
972	1512
972	1508
972	1510
972	1519
4048	1512
3554	3557
8675	55275
