245812
8260
90187
114789
143
57508
202
8449
57619
8498
57654
8508
8532
8559
8563
57794
8725
115286
661
988
9326
1196
1207
9410
9590
1410
91526
1434
26015
9696
9701
83481
91754
1665
9961
116461
116496
10067
10204
83938
51277
51340
51362
10421
51535
51593
51645
10713
51729
10783
2646
10898
2733
27332
10992
11036
84879
2968
2975
84991
11270
11321
3308
3310
85437
3609
3836
3837
3842
94086
53371
4299
4300
4331
29101
127428
4686
4774
4809
4837
283373
4927
259217
79035
5432
5434
202052
5452
283989
5569
284119
54765
54796
54805
54887
54973
55015
79612
284434
79664
79665
5937
79706
55132
79760
55197
79833
55291
79871
79893
30834
80018
22794
6427
6430
22826
112939
22828
55631
22870
55692
154007
6621
6625
6631
6636
6638
23064
55833
55840
23078
23080
6732
23144
23168
55954
6829
23214
23225
23243
6875
6879
6882
6924
727851
23350
121665
64328
23379
80746
23451
23469
23534
23543
285755
23636
7270
56521
64744
7469
64859
171568
7803
81554
7919
7936
8021
8028
57194
8178
