53
90203
107
109
108
114815
132
134
123016
729230
157
8477
8526
351
8622
727
797
8997
9034
91107
9265
9267
9290
1230
1232
1235
1241
9445
9568
1393
1394
9628
26086
9784
1815
83756
1889
1908
1910
51083
59345
84100
51374
2304
2357
2359
10653
10663
10672
27115
2550
27185
133686
2641
27241
2696
2768
2773
2829
2841
2848
2861
2869
117583
84899
11245
60490
3355
3363
3577
3579
3761
3773
3792
3820
151306
4295
53637
29113
29121
4987
5066
5138
5141
5142
5143
5151
5152
5167
5331
29933
79443
5733
5734
5739
5746
6000
6002
55188
55191
6344
6357
6364
6374
22844
22891
6528
23057
6753
23150
6768
129880
7038
23475
23566
7204
7253
23660
56477
122042
7775
131034
