57520
114907
254187
8453
8454
57630
57674
8533
390
115290
8816
8883
8924
8925
729830
868
9118
164832
9202
222235
9320
9354
140461
25862
115992
255275
1326
91544
165324
26091
26094
26133
26190
9810
9817
26259
26270
26273
9927
9958
51024
51061
157574
51136
337867
10193
51167
84079
10425
51397
51433
10477
84285
10600
10613
84376
51619
92591
51676
92714
10920
10956
84708
11059
11060
2873
11101
84961
60685
142678
93550
3658
192111
200312
118424
4008
143279
4194
200845
200933
28952
152006
4741
4798
160518
5071
160760
54520
283899
54545
283991
54617
128387
79269
54708
54778
54926
55031
6048
6050
161725
79874
55432
6339
55527
6400
6468
55643
6500
55666
63891
55743
55741
23033
23077
23113
55905
23142
154214
23190
23252
162517
23304
6921
129804
80700
80705
64326
64410
252969
7311
7318
7320
7322
7325
7332
56658
155061
7704
56893
7763
57020
65264
57097
89910
57148
57154
81790
90025
8139
