8224
114781
8291
57468
57497
57502
57622
8495
8496
306
311
57669
8541
57698
8557
477
8671
481
483
487
488
491
8736
8911
8913
8927
757
773
774
775
777
778
779
781
783
782
815
818
844
859
9181
9228
9229
58472
9369
58529
9378
58538
25814
9454
9465
9472
9497
140685
26037
9699
124460
132660
1600
91750
91752
1740
8497
50944
9990
8499
1811
1827
1859
26468
51150
2011
2030
2035
2036
10231
10243
10242
10335
92335
84152
2286
116986
493829
10529
84281
27020
51604
10665
2555
2562
51719
10768
10777
10815
84665
10948
27347
84725
2890
2892
2903
2904
11141
11152
2982
11215
11216
84952
11261
93210
445815
85461
85464
347732
3708
3709
3710
3778
93986
389015
4137
4143
4296
151987
4607
4773
4842
594855
152519
29766
29767
5318
30010
341359
5496
5530
5532
153020
284098
5592
5593
5607
5649
5681
5789
5792
5802
54965
5816
55129
6262
6263
145581
55509
55553
22871
6506
6546
6549
6550
22941
6558
170463
55799
64067
6786
6799
6817
6821
6855
121551
6992
23382
23387
23426
56244
23484
7140
7223
7225
23635
23648
7273
64844
64852
64895
65010
253559
114327
57030
89970
147323
221061
