18
32
35
43
50
51
221264
8309
127
159
217
223
275
8470
8528
8540
123263
8604
498
57862
526
529
534
594
8802
686
8880
221895
790
8992
953
1120
9415
25813
25902
1352
1375
1565
1571
116285
26227
1719
1738
9945
91869
9997
1806
10007
91942
1890
51103
10165
51142
59342
10201
2023
2098
10295
2108
51300
10409
10455
10478
2328
84284
84300
84303
51606
27068
2530
51744
2643
2673
10873
2762
10979
10989
92960
84833
11180
11181
11185
60386
3087
125988
126129
3295
3416
3945
3948
4129
4248
4249
4337
4351
4524
4705
4722
4724
414328
4728
4731
4795
4843
201626
5091
5095
5096
5162
5191
5195
5210
5209
5213
29796
5226
5236
79001
5303
5313
79068
29925
5372
5373
29958
79133
5409
79154
54677
54751
54901
54927
54940
5825
79759
79780
79783
55217
55245
55276
161835
30833
6342
6390
6470
22925
170384
63892
22934
55711
399818
55862
64077
64080
55902
23178
23205
6888
23305
7024
7054
7103
113612
7371
23787
23788
64850
56901
56996
57118
8050
