57412
57479
161
254122
57578
273
8724
8745
8751
8784
744
164592
8995
9135
91056
9211
1072
1130
9341
58506
58513
58533
9404
9501
9644
50618
9779
1609
9811
1638
9853
9873
1785
1804
10053
10092
10095
10109
26509
10211
2063
84062
157807
26751
2214
10420
2319
84251
10552
51517
256356
26999
27131
51715
2580
84501
51762
92737
27314
84660
10947
150350
2934
11151
3092
85021
3257
3575
118426
134829
94120
4046
4074
143425
119032
282991
4645
4644
4650
53917
152503
29763
259232
5286
29924
30011
54785
5639
54808
54874
5862
5869
5873
5874
5878
79879
120892
112936
6453
6457
22848
22895
55719
22980
285175
23086
23143
23163
6840
6869
7016
23400
285590
7163
7164
23603
7306
728215
7456
7718
56907
196383
8038
