114799
8312
8323
401541
8379
57551
57606
90381
8520
332
8549
8556
254394
57787
8650
8658
8701
8764
115294
352909
8870
8887
8891
701
754
8994
9020
115650
993
994
1033
9232
115908
25816
25843
25909
25963
25989
1452
9657
9702
9736
9793
9814
157313
9918
1730
1731
1770
10087
51053
59269
51134
59352
51199
51203
83992
83999
387103
10274
51259
2121
92255
116840
84133
51460
51626
166336
27077
51659
51684
84455
10735
27123
92675
10758
2584
27175
133690
2631
2735
2737
11064
84807
11094
11116
2932
84888
84902
11197
150468
60401
3091
11339
134359
3320
85302
200008
134510
85417
642636
118429
200373
126668
4040
4041
4049
4055
135138
200728
200734
4175
143689
340390
4735
4763
144100
144165
5000
5116
5125
54361
54386
144535
79003
79019
54456
29888
259266
79172
5515
5527
5558
95681
54777
54806
5682
5686
5687
5695
5698
5699
5702
5709
5711
5710
54875
54930
54986
55012
5885
112399
5905
55081
79659
79682
5966
79801
79809
55238
79858
79902
55366
79959
6240
79971
145508
6249
6424
80212
80227
22919
55722
55732
22981
55755
80342
23002
80351
23036
23047
23053
23059
23072
55872
399947
23224
23288
23322
23331
23332
23345
23358
56155
56164
80762
375686
7049
727957
7083
80829
7124
7185
7187
23595
64577
23639
23649
113802
64651
23765
7473
122402
7813
7840
7871
81624
7976
130872
57216
