entrez_id
8192
81570
4728
7284
6672
221191
284498
8200
92
657
659
81930
79019
10735
79902
11014
89953
57551
829
23332
23095
3797
79682
701
5885
23423
332
3799
23047
1780
114876
157313
3123
26128
830
25909
259266
1314
10121
8729
3118
3119
3127
22919
401541
79172
10274
147700
3122
8379
11015
5861
3834
3112
3113
3109
832
5905
26958
3115
10540
3798
23046
5527
3831
5515
55872
9793
51203
6249
79003
14
55759
10109
84154
64114
18
55902
217
223
5095
5096
55862
23
57532
6231
988
4736
51520
131096
9196
8514
7881
8224
8497
10815
8541
8499
32
1374
51422
6720
5563
126129
8802
1375
35
51
116285
2108
163882
10052
43
351
1140
7054
1120
50
1738
4705
26519
54927
57644
5162
6390
5091
51142
498
8604
10165
23205
1387
2033
3416
8309
4843
5195
8528
4199
6342
23305
10455
7322
8648
7311
54677
3295
10062
245812
55631
53
5167
59
4853
8850
3693
221692
3516
2934
4855
7456
10046
9749
1072
84441
4637
57406
747
11343
29940
8260
79664
80018
54880
79612
3091
57412
119032
122953
10123
57419
26074
90187
30834
8269
3054
8270
221264
5432
10714
25885
132
6240
5313
84284
953
4337
661
10201
2643
5558
90196
51542
5870
25839
8675
27296
4905
57511
55275
10139
90203
9784
7049
55333
4087
4088
9765
57154
114781
5607
5789
8289
2908
6599
58508
10847
6595
7157
861
8085
8815
6605
3146
3663
4763
3664
9274
3662
55193
3665
6603
6597
3265
142678
3661
8110
8291
306
493829
79147
859
311
114789
102
54972
6515
23411
29106
3912
84141
8987
3915
1535
1143
999
84418
4854
334
3371
121260
1000
79895
23385
338339
2200
1435
1946
2266
57153
64386
2204
3683
961
2153
28956
2045
5906
5328
51552
10970
94103
81619
720
721
54587
948
5795
10043
64856
23250
3684
3687
54757
5611
3163
8694
8295
6500
27097
9894
10629
55689
6879
112869
9919
8454
10933
10524
4149
54617
79819
57634
84148
4798
6314
283899
104
23567
55342
57449
5880
387
8777
286827
107
6344
1815
727
6357
59345
9568
109
51083
5746
5739
5152
729230
3577
6374
1230
122042
2848
5734
5581
2861
27115
5151
3579
3355
53637
5142
5138
4987
3363
2359
108
2841
83756
5143
5733
6364
56477
134
2773
2550
5141
9290
1394
815
2641
23566
10663
151306
797
7253
1232
11245
2696
2357
6753
6558
5147
8302
3133
3822
3105
5777
3106
3821
22914
114799
5582
8622
5579
57459
51564
10014
8932
1912
8099
57332
5978
23512
2146
161882
7270
1108
27154
10919
51105
57504
80012
1911
119
8312
5711
7473
5695
4040
5687
5595
5709
5686
64651
54361
4041
8658
3172
2932
5699
5710
80351
5698
9736
85458
5682
1452
54778
5702
57468
4915
27347
127
8854
2098
1571
114815
8323
115908
57216
23002
7976
5331
84133
30833
79158
23382
159
10768
11339
387103
22934
26086
57479
5639
744
58506
123016
27241
129880
84100
57480
84951
221322
51057
57484
171024
132299
6774
1436
942
3717
2869
142
5594
51426
8554
2968
4331
4683
472
308
2237
836
841
840
7507
7520
7341
6613
143
9961
57491
1543
57496
57497
2903
2904
157
57502
57669
50944
9229
2036
2035
1740
9378
22871
9228
10243
9454
9369
22941
790
55869
6941
9612
51317
57505
11044
4141
1615
10667
23395
57176
161
4074
972
9341
1949
1948
10053
10552
5286
54874
1956
10092
6869
3575
1808
2580
205428
6457
143425
8986
3092
9632
50618
273
2050
5869
7430
84251
2048
6197
6453
1785
83988
30011
2047
5962
22848
85021
58513
29924
6196
10947
4914
29763
5878
8650
91056
57508
8178
29101
23379
6621
6882
4686
79035
55197
64859
5452
54973
6829
79871
5434
51593
8356
8520
2186
3842
8805
10927
7158
80853
10771
8362
10282
286
64689
51332
23265
6711
287
10186
2804
27314
6710
57514
8997
254122
58533
27131
7468
387893
57520
9817
51619
55905
8924
51433
54926
84708
868
84961
7320
57630
115290
92591
26259
140461
222235
63891
7318
64410
7704
89910
10193
200845
10425
65264
5071
90025
6468
23304
56658
26270
9320
26091
7325
118424
10477
9354
8925
143279
11059
114907
154214
4008
8453
51676
57674
26190
8139
6921
177
4790
56155
11273
26999
1656
57534
6046
2011
114880
9217
57536
23093
79722
196
1594
3320
199
4360
202
8395
5297
5291
9723
79837
5294
22876
5287
55361
56623
5728
3633
5305
51347
8402
57556
9423
10154
55558
4129
8533
55527
51397
10920
8883
28952
2873
2309
23142
55031
8412
9564
8417
10105
8724
57794
55014
9117
5937
6810
29091
6843
9777
9997
55823
55217
57578
259232
728215
285175
254187
80705
57583
259230
8435
1717
9696
8440
6585
3480
5058
5801
5062
4233
9815
5063
1600
8874
57144
57648
6654
10095
5649
7867
6092
6091
9353
2533
147710
56971
8448
83723
26470
8449
6631
51729
9410
22826
22794
6636
10898
10421
10713
10992
23451
1665
51362
51645
6499
51340
8559
6427
6638
4809
84991
285755
23350
6430
6625
57602
56919
112399
4440
8994
57019
23053
2735
3658
1326
1021
10055
5966
993
200933
162517
51684
2737
23066
9020
5618
57606
57605
2185
57608
23245
57611
55728
90381
4175
92675
8463
27120
7005
147872
7003
10413
56896
92737
9211
275
123263
6470
4524
1719
25902
57619
8470
25759
57622
2890
2892
57624
80315
55608
257160
83478
57628
3751
8477
2829
29933
1908
7204
1910
1241
4295
7074
2038
3708
23114
6334
3710
6326
3709
960
775
6262
6546
284
2064
5921
3815
3678
660
2885
8482
5365
4296
128869
10788
8495
5802
5792
8496
121551
8498
3836
8021
3574
10018
7124
57654
56244
9351
221496
8506
192683
10211
3737
1272
8507
3074
8508
8563
8509
9672
10090
9653
65217
10082
2262
2131
57661
54899
321
333
63941
323
322
7024
8516
3691
941
3680
3673
1493
1284
7143
7059
284217
3676
3908
7148
2317
64398
57670
1445
1185
56829
8546
5037
7450
8826
5604
22906
10827
9444
4000
9901
23164
8844
327
4482
4485
23416
23415
3756
170850
26251
27133
3790
9312
3748
57673
375748
55140
23595
79726
23649
254394
79269
5000
23113
51659
23225
53371
7083
79801
9918
1033
7813
9232
81624
4927
23636
57678
79143
253558
56895
7917
10554
51099
256356
8526
8527
56994
8532
4299
55643
8816
26094
64326
255275
221527
80863
7918
7916
7920
343
375318
90459
54464
54881
9349
8540
5191
5825
55711
57030
8927
4035
6855
27242
7423
4137
1508
5602
2157
55937
9445
1859
3481
5601
51368
5793
23163
7424
152503
27072
84062
8943
1130
7163
7164
355
7132
8767
8797
843
7159
4217
6850
5783
57698
8550
5596
8549
59352
55366
57705
5341
25998
26191
84557
55802
83746
286053
5771
3090
6773
3716
4306
3570
29843
23314
7518
57706
10000
8567
63892
163486
57708
9425
8556
994
9814
57710
5584
8557
29767
7140
93210
29766
84665
58529
27063
4607
7273
8558
2114
64328
2733
7402
23660
7919
55512
23335
55367
25782
140775
23312
148281
8572
53904
55604
83715
51306
7145
3560
1124
6237
5924
10371
2768
10395
7082
63916
51072
55843
9265
55701
143872
392
9743
9844
50619
1730
57142
395
9639
5910
50650
5585
94134
23370
773
9267
9181
9542
117289
4688
9826
5586
7803
5770
5900
2889
5592
56288
89846
9912
3559
11113
116985
64333
145957
23365
100271715
1630
121512
10672
201176
10507
4067
50807
23263
10160
4650
9750
57732
390
91544
8079
90523
23224
23345
421
23254
10587
8621
219771
5218
8635
201294
4353
9588
11116
388697
29952
2517
11240
387921
57787
54930
95681
51719
27077
79959
55722
22981
84902
9657
9702
85302
92335
55755
5116
54806
282991
11064
23322
51134
2900
51259
4735
7840
65980
54454
65985
5019
56898
9094
10067
58477
57798
5927
29079
9611
23389
9443
9442
7039
23179
3992
29841
6097
4862
23097
6257
23054
9862
10499
2103
7296
84498
80205
2222
9253
124540
460
196500
466
64784
1388
2762
6452
8661
6198
51081
79132
6205
5339
8663
8662
58155
8672
6222
6224
6204
3837
22984
3692
5536
23030
4292
55183
580
4438
4437
7292
84464
91419
80198
116028
2139
9577
545
5893
51750
6935
4194
79184
8915
2140
7936
4439
51720
7469
6924
5890
9887
2070
7156
51741
5892
473
477
483
481
488
57822
8671
6550
65010
3778
25820
10522
112755
526
203062
487
5816
844
6263
491
5593
6786
131566
10509
529
4722
4724
23788
10409
3720
27068
51606
84833
7403
66036
83648
1609
3990
64900
196051
23175
2690
23294
8701
200373
51626
23639
57862
8718
9966
534
8992
64077
112936
79971
9100
8725
1795
4795
8736
2178
51455
2176
113510
2189
2175
55120
91442
549
7978
8745
139818
6899
8751
285590
9644
148022
64135
257397
7187
9641
8764
7185
4049
572
5532
5530
596
7205
84674
64127
3654
64170
84433
81858
1540
577
578
8771
154796
8784
8995
344657
151827
594
8050
10295
3945
3948
22806
27113
22861
115286
51535
604
943
3394
2629
921
2213
958
3635
220972
115294
144100
11094
64969
399687
8807
8809
9474
7444
26133
6545
640
7535
55024
4301
1998
6503
4046
352909
2626
9739
23522
4205
55170
6594
192670
27327
23408
7225
1460
7223
171568
2975
4774
1551
115352
8859
9374
90780
677
678
54512
8870
3918
51517
5913
1605
686
8880
10989
81605
90806
4848
29883
8887
221895
8891
23358
8897
3631
10423
54901
7103
57118
123591
717
4179
10584
1797
10658
8911
8913
4842
1589
783
781
777
774
782
5588
10892
79092
1369
9699
51742
11321
29115
729830
84376
8935
2063
26610
745
746
6185
221955
23339
164592
84660
221937
171023
55777
754
757
23484
766
1591
25814
55799
112476
347732
779
778
91752
9465
114327
8974
5351
81578
1295
5033
7373
1287
29920
85301
1302
91522
84570
340267
1310
9945
2673
2997
5066
125950
85461
3460
145581
818
23534
819
23704
821
3134
3308
3592
10956
3916
6400
6890
246778
22926
55741
6891
3107
51128
3135
341359
4055
115650
80829
83696
51019
2590
23325
831
10753
92291
11132
79747
11131
3454
2475
6789
7295
4773
3655
126626
23586
9034
3820
9037
170691
81794
9508
157869
11174
11173
81792
284119
6641
54212
860
3381
7227
1459
3977
26053
6938
9054
2230
51218
57128
863
7332
353134
254910
353137
353144
353142
353135
199834
84648
353145
1041
57115
54847
4642
84747
9958
91526
124739
11201
919
9402
5996
2214
923
7109
10960
79748
51399
9118
4741
132001
4065
5133
85480
7096
965
3563
10333
55016
9135
84079
93550
3596
9141
79007
9145
4126
150372
4257
7371
970
50615
9429
5460
23087
81603
11261
23321
9830
11074
10107
7726
4261
10326
654346
9158
9772
9162
1512
1510
1519
975
9169
55023
9173
23064
22913
79665
60412
347733
1434
121665
112939
55692
4733
5213
55015
11177
55740
116496
10767
259217
26227
83938
64744
84879
27332
3609
79706
64787
6729
29957
83481
9180
3976
1270
7297
164832
56893
132660
85417
79858
91750
91107
6000
10204
1001
1008
1004
1009
1012
1013
4248
10219
1366
55966
2319
1496
23603
3170
79872
1364
11336
9839
9991
9200
51144
9202
23252
160518
9209
2314
9466
9244
1018
11140
51053
1804
91133
25914
79839
151742
132112
121275
343171
7932
81285
170679
54535
1666
394263
374378
10678
9334
94025
56913
4589
11226
4582
1271
115752
9258
79660
137075
2023
120892
10420
85464
7016
23150
23506
26039
353345
266977
255043
79153
5987
64850
58472
6821
23033
9980
4048
5873
23480
9326
79893
1139
1141
91252
55334
148867
201266
58496
80740
60678
23293
56006
1984
55052
26135
26354
9732
1811
11060
6446
5420
89884
23190
6888
55432
55666
1192
1959
3198
79823
5087
79447
124044
9825
91289
9372
25930
80864
4916
27185
30010
6448
9779
50854
58538
1196
200312
1201
256471
140469
85463
128637
1207
79760
79833
7294
10125
7006
9404
85437
10248
54913
154007
55954
9415
5321
60481
6405
80031
1826
84448
116986
1235
56606
11309
55129
25813
132949
84303
125988
51300
25816
4600
25824
2879
2876
11315
23091
116931
54715
23543
25833
5373
25843
83992
7871
80342
29888
4799
11215
11216
9472
445815
51561
3595
25852
1794
10296
388403
4289
5236
80232
64067
9590
9821
9927
6009
84938
7405
30849
55054
345611
55626
2161
55214
10491
25861
51168
25862
128387
25865
5587
25870
285362
9489
7092
7093
7923
115992
57097
9497
6894
27340
4931
84916
55127
27042
134430
23223
26574
9501
5874
9520
7398
50488
220164
25923
25924
4644
25925
1352
51271
1363
6447
5010
50515
55501
1368
5067
4978
349667
257194
154064
80328
22854
152330
161357
4045
503542
6904
6905
10044
6095
3761
2562
2555
3773
25953
25961
285605
25963
399947
7022
55240
23426
25962
54890
29890
1393
25970
10019
79068
4837
1410
283375
23516
221074
64116
127495
25989
55291
22870
9701
10042
51341
6497
2649
1602
2117
140685
55509
9619
80700
165324
23214
9628
27006
1439
56034
22797
22937
4253
23243
1837
26015
23355
26469
23371
26024
9692
5442
340061
9755
2121
6840
8038
9645
84953
9647
80212
55280
84164
10809
64319
84152
9956
55959
91574
10102
56945
91754
26037
9873
5947
64131
2264
60495
126792
26056
84440
9677
3705
51447
253430
117283
9807
23262
84868
1501
26275
79897
11102
9693
22800
51735
260425
9863
54463
23037
54875
283373
6002
117583
22844
27175
222696
135644
222698
387032
84146
1521
3700
4689
83943
1565
2941
6817
91975
23338
23168
64754
2328
79001
26147
5252
121536
2145
113612
9771
124460
84725
89970
284439
1582
80270
11238
51374
117154
1611
124491
10428
57148
3706
3707
23569
7453
9810
9811
54808
4645
23143
1620
10924
9806
4325
252969
192111
59277
157285
56941
91749
58985
53833
10783
1638
7306
80005
92170
80153
128240
80114
9853
157310
153745
28987
55132
11056
5226
169792
9857
54542
83593
10114
83595
83597
3811
9882
4012
9884
100506084
51326
23057
26273
60488
54540
92521
79109
79899
9905
79066
91828
55191
3988
2224
83642
54858
1731
9924
5073
51024
54708
9931
3996
3993
124626
284110
55876
4351
10007
1755
162967
91869
79759
116447
1770
133690
116461
80746
283989
23076
6838
51118
79659
9976
51348
26509
221061
11141
9990
83719
134728
1803
2346
10003
5303
1890
1806
201626
60386
23239
117145
4515
51230
23035
51256
23269
79680
91942
51103
4731
79133
1827
165679
171546
55304
134829
157807
84901
57337
92960
10066
84679
51028
27183
55048
5119
51652
51166
1889
223075
26468
170463
11152
23648
55553
23635
10087
22955
11151
79879
3792
10100
79961
51258
64981
28973
28957
64978
51061
129804
80742
6992
255877
157574
26503
64324
51078
51281
55765
94160
28985
10257
30836
59269
200008
56920
84619
5998
285848
51101
652968
83872
158326
441168
84959
5796
54206
10150
60680
4664
51199
51136
337867
10613
51150
2898
59342
337876
81615
55454
55790
23274
80317
2286
56267
23475
51167
64699
284434
10217
2030
6506
23587
253559
10231
116729
54854
11259
116840
145508
150468
10242
10251
85440
2901
2897
2078
7113
83999
27123
54386
642636
284058
54934
167410
10861
200728
3087
79783
3204
84455
23288
51277
10318
2137
7008
3554
3257
10335
92255
23090
153090
54790
29796
23787
54940
134359
5270
84074
54870
6768
84077
133491
11076
55758
26751
51329
10367
221154
54904
54014
389170
2191
10384
11119
11118
4237
84467
64759
10397
23012
10400
81490
122618
23387
154810
23558
55719
8028
4234
51389
10777
23469
57020
54520
10446
55227
80309
79442
2259
10817
2272
89927
157922
6048
10478
2304
57446
51460
84226
64838
54751
5862
10516
84695
30008
4238
125206
644815
29958
10529
51504
84274
57017
80219
93058
2355
84276
55296
79096
84281
5090
5089
84285
10559
84300
55245
51744
10589
10590
53917
51762
51715
84320
4836
10600
3594
81790
26995
126789
256380
195828
23769
6875
27020
10636
51604
10653
387837
152006
79443
10665
79809
55081
23059
10666
5817
100507436
6512
2524
27067
166336
54765
2530
170384
4249
54986
64577
11197
117245
64332
10758
23765
10763
56246
80206
129563
3048
4285
5496
4143
92689
80008
2581
6610
129807
2584
3310
150350
2583
84501
22980
81554
55135
23187
92714
84529
388649
22891
133686
594855
159296
23414
2631
80227
6253
2982
2646
27230
2672
27255
10873
2686
2937
51380
150159
6340
64895
84632
338811
56950
23081
64927
84668
143689
10948
147323
29925
55188
27351
339965
10979
84726
11036
117532
64852
201973
11046
167465
2859
6339
80762
5786
84807
117584
253143
11101
55012
11122
3965
84883
127428
55840
4300
84890
84888
11165
84896
84897
283337
84899
131034
166824
11180
11181
11185
55027
23178
63943
6424
150465
11221
84952
3607
84976
60401
6549
389015
3425
11270
23078
284098
55080
29113
257068
23400
60468
5205
3823
80352
11329
285527
3995
60490
7775
54805
6928
3202
3203
3217
200734
221002
126147
54549
79154
54456
4215
130872
23331
122402
60676
3338
60685
65065
85300
4669
134510
79874
163702
4216
3557
81793
7850
55276
56848
23203
57003
57162
400954
79861
7087
3929
4486
160760
118426
54785
118429
80333
54777
144535
126668
6683
29121
727851
93986
339834
200942
94086
202052
94120
7718
252983
5125
135138
80739
28984
114792
100134934
5409
53347
56731
4212
53405
4277
4284
283377
63929
220136
6016
6494
23077
63979
151790
79740
5372
5210
5209
22925
170954
56164
113802
113201
253827
340390
727957
23144
29103
63027
151987
7038
29125
260434
56907
196383
89874
201292
414328
4783
619208
100507607
7832
22849
56983
283383
81846
54020
144165
6014
152519
155061
5128
55061
160857
144811
56901
64080
54496
23167
57217
22979
23369
54467
54476
55732
5318
375775
7629
80129
54878
29953
54545
399818
54566
161835
5450
128338
283991
153020
54965
5569
80824
23623
729085
54795
54796
5681
23072
375686
284252
23031
54887
79465
54922
161436
64844
23086
22895
79628
5909
55715
79939
55089
55095
23034
6017
79676
23457
55239
285600
55833
79724
23268
79750
23366
55206
6050
79780
161725
55238
6419
55254
55332
89796
64375
6732
56521
22828
64083
6493
6528
138046
63925
80311
221035
55743
55818
56252
23080
63976
64641
23022
57194
23036
23042
55861
64090
23174
100506581
64761
56996
6799
6954
80741
64420
81550
23564
7763
7690
147372
7940
