9732	9349
9732	51081
9732	6205
9732	5339
9732	6231
9732	4736
9732	83943
9732	23480
9732	6222
9732	6224
9732	6729
9732	6204
10248	9692
10248	54913
10248	79897
10248	11102
11273	57532
11273	1656
14	55759
14	84154
10767	115752
10767	9349
10767	54464
10767	6205
10767	54512
10767	129563
10767	6231
10767	6499
10767	3048
10767	4285
10767	6222
10767	6224
10767	6204
23567	104
23567	27067
23567	55342
10257	51081
51218	9054
51218	57019
51218	57128
26135	9349
26135	51081
26135	6205
26135	6231
26135	4736
26135	6222
26135	6204
23	57532
23	6231
23	4736
23	51520
79897	9692
79897	51118
79897	27042
79897	27340
79897	11056
79897	11102
79897	84916
79897	134430
79897	28987
79897	54913
79897	55127
79897	6205
79897	6231
79897	22984
79897	6222
79897	6224
79897	6204
23066	4733
129563	11329
129563	54464
129563	54512
129563	23012
23587	26610
23587	55140
23587	80311
23076	26354
23076	51118
23076	26574
23076	84154
23076	11056
23076	3692
23076	22984
23076	55759
23076	6838
23076	23223
549	7978
115752	54464
115752	54512
115752	6499
6185	746
6185	58477
6185	9349
6185	4736
6185	6205
6185	6231
6185	23480
6185	6222
6185	6224
6185	6729
6185	6204
4141	57505
4141	8662
4141	8663
4141	1615
4141	51520
4141	10667
4141	7453
4141	57019
4141	23395
4141	57176
55342	104
55342	22913
55342	23369
51258	10102
51258	51081
51258	60488
51258	64981
51258	28973
51258	64969
51258	28957
51258	64978
51258	7284
51258	55052
51258	6222
51258	56945
6204	8661
6204	8662
6204	8663
6204	58477
6204	9349
6204	9887
6204	51081
6204	51118
6204	27042
6204	27340
6204	11056
6204	11102
6204	84916
6204	60678
6204	134430
6204	28985
6204	28987
6204	4736
6204	54913
6204	55127
6204	23293
6204	56006
6204	6205
6204	64969
6204	6231
6204	22984
6204	23480
6204	6222
6204	6224
6204	6729
6204	55802
6205	8661
6205	8662
6205	8663
6205	58477
6205	9349
6205	25885
6205	9887
6205	51081
6205	51118
6205	1984
6205	51504
6205	27042
6205	27340
6205	11056
6205	11102
6205	84916
6205	60678
6205	134430
6205	28985
6205	28987
6205	4736
6205	5339
6205	54913
6205	55052
6205	55127
6205	23293
6205	56006
6205	64969
6205	7284
6205	6231
6205	22984
6205	23480
6205	6222
6205	30836
6205	6224
6205	6729
6205	55802
11329	285527
60488	26275
60488	10102
60488	51081
60488	64981
60488	28973
60488	64969
60488	28957
60488	64978
60488	7284
60488	55052
60488	56945
6729	58477
6729	9349
6729	51081
6729	4736
6729	5339
6729	55052
6729	6222
6729	6224
6729	6231
6729	64969
6729	23480
201292	64978
6222	8661
6222	8662
6222	8663
6222	58477
6222	9349
6222	91574
6222	9887
6222	51081
6222	51118
6222	1984
6222	51504
6222	27042
6222	27340
6222	11056
6222	11102
6222	84916
6222	60678
6222	134430
6222	28985
6222	28987
6222	4736
6222	5339
6222	54913
6222	55052
6222	55127
6222	23293
6222	56006
6222	64969
6222	7284
6222	6231
6222	22984
6222	23480
6222	6224
6222	55802
1615	57505
1615	7453
1615	57019
1615	51520
1615	23395
6224	8661
6224	8662
6224	8663
6224	58477
6224	9349
6224	9887
6224	51081
6224	51118
6224	1984
6224	27042
6224	27340
6224	11056
6224	11102
6224	11165
6224	84916
6224	60678
6224	134430
6224	28985
6224	28987
6224	4736
6224	5339
6224	54913
6224	55052
6224	55127
6224	23293
6224	56006
6224	64969
6224	7284
6224	6231
6224	22984
6224	6499
6224	23480
6224	55802
6231	57532
6231	8661
6231	8662
6231	8663
6231	58477
6231	9349
6231	9887
6231	51081
6231	51118
6231	27042
6231	27340
6231	11056
6231	11102
6231	84916
6231	60678
6231	134430
6231	28985
6231	28987
6231	4736
6231	5339
6231	54913
6231	55127
6231	23293
6231	56006
6231	64969
6231	22984
6231	23480
6231	55802
56919	57602
56919	26574
56919	84154
56919	27042
56919	11056
56919	84916
56919	134430
56919	4931
56919	54881
56919	55127
56919	55759
56919	23223
27230	23480
54881	90459
54881	9349
54881	26354
54881	51118
54881	26574
54881	84154
54881	27042
54881	27340
54881	11056
54881	84916
54881	134430
54881	4736
54881	54512
54881	55759
54881	55127
54881	22984
54881	23223
91749	256471
91749	84154
57446	23012
3692	8662
3692	8663
3692	9349
3692	26354
3692	84154
3692	55759
3692	4736
58477	4736
58477	23480
58477	9349
56945	91574
56945	10102
56945	51081
56945	28957
56945	28973
56945	55052
56945	7284
56945	64969
56945	64978
56945	64981
54899	57661
54899	11102
30836	51081
30836	51118
30836	26574
30836	84154
30836	27042
30836	84916
30836	134430
30836	55127
30836	55759
30836	22984
30836	6838
7284	8402
7284	9349
7284	91574
7284	10102
7284	51081
7284	28957
7284	28973
7284	4736
7284	55052
7284	22984
7284	64981
7284	64969
7284	64978
1656	57532
1656	4848
1656	54464
1656	80153
1656	29883
1656	128240
1656	80114
1656	55802
4733	51389
4733	28985
4733	55759
4736	57532
4736	90459
4736	8661
4736	8662
4736	8663
4736	9349
4736	9887
4736	51081
4736	60678
4736	55759
4736	23293
4736	56006
4736	64969
4736	54512
4736	5339
4736	55052
4736	22984
4736	23480
4736	55802
54913	9692
54913	51118
54913	27042
54913	27340
54913	11056
54913	11102
54913	84916
54913	134430
54913	28987
54913	55127
54913	22984
9349	90459
9349	8661
9349	8662
9349	8663
9349	51081
9349	60678
9349	55759
9349	23293
9349	56006
9349	64969
9349	54512
9349	5339
9349	1984
9349	55052
9349	22984
9349	23480
9349	26354
9349	9887
9349	55802
4234	84154
4234	51504
4234	6894
4234	55759
7832	4848
7832	29883
9887	23293
9887	54464
9887	56006
9887	55802
57505	10667
57505	51520
57505	23395
57505	57176
26275	9692
26275	51081
26275	64969
26275	54540
23203	4285
677	54464
677	678
677	54512
677	55802
1201	256471
90806	4848
90806	29883
2230	9054
2230	57128
6838	26354
6838	51118
6838	26574
6838	84154
6838	157922
6838	11056
6838	22984
6838	55759
6838	23223
23223	25885
23223	26354
23223	26574
23223	84154
23223	27042
23223	27340
23223	11056
23223	84916
23223	134430
23223	28987
23223	4931
23223	55127
23223	22984
23223	55759
84154	25885
84154	26354
84154	51118
84154	26574
84154	55759
84154	28987
84154	4931
84154	84916
84154	55127
84154	22984
84154	27042
84154	134430
84154	11056
29883	9924
29883	125950
29883	4848
29883	23369
29883	55802
29883	22849
4285	63929
57019	9054
57019	51520
57019	57128
54464	90459
54464	9924
54464	1797
54464	10658
54464	4848
54464	5073
54464	23293
54464	56006
54464	54512
54464	80153
54464	6499
54464	55802
9924	5073
81605	9054
81605	26610
81605	51504
81605	55140
56006	55802
56006	23293
27340	25885
27340	51118
27340	27042
27340	6894
27340	55759
27340	28987
27340	54512
27340	84916
27340	55127
27340	22984
27340	11102
27340	134430
27340	11056
5339	8661
5339	8662
5339	51081
5339	28985
5339	64969
6894	25885
6894	223075
4848	54512
4848	22849
26354	25885
26354	55759
26354	28987
26354	4931
26354	84916
26354	55127
26354	22984
26354	51118
26354	27042
26354	134430
26354	26574
26354	11056
54512	1797
54512	51118
54512	27042
54512	11056
54512	84916
54512	134430
54512	5073
54512	55127
54512	22984
54512	6499
54512	55802
55027	84916
55027	55759
9980	83943
23293	4931
23293	55135
23293	55802
1797	6499
60680	10150
55052	91574
55052	10102
55052	51081
55052	26519
55052	1984
55052	28957
55052	28973
55052	64981
55052	64969
55052	64978
55052	22984
80153	55802
25885	55759
25885	4931
25885	84916
25885	55127
25885	22984
25885	51520
25885	27042
25885	134430
25885	26574
134430	51081
134430	51118
134430	26574
134430	27042
134430	11056
134430	11102
134430	84916
134430	55759
134430	28987
134430	4931
134430	55127
134430	22984
28957	10102
28957	51081
28957	64981
28957	28973
28957	64969
28957	64978
7453	51520
7453	10667
7453	23395
7453	57176
57128	9054
57128	10667
7978	5442
28973	10102
28973	51081
28973	64981
28973	64969
28973	170954
28973	64978
51504	55140
51504	28985
11056	51118
11056	26574
11056	27042
11056	55759
11056	28987
11056	4931
11056	84916
11056	55127
11056	22984
11056	11102
28985	51081
28987	51118
28987	26574
28987	27042
28987	11102
28987	84916
28987	55759
28987	55127
28987	22984
138046	22913
51520	10667
51520	23395
51520	57176
5442	26024
4931	26574
4931	27042
4931	55759
4931	55135
126789	26995
260434	135644
55127	51081
55127	51118
55127	26574
55127	27042
55127	11102
55127	84916
55127	55759
55127	22984
285527	23012
57176	222696
57176	10667
11102	9692
11102	51118
11102	27042
11102	84916
11102	22984
55140	26610
55140	55759
23395	10667
26995	22984
10102	91574
10102	51081
10102	64981
10102	64969
10102	64978
10102	22984
22913	10658
51081	8661
51081	8662
51081	8663
51081	64981
51081	26519
51081	64969
51081	64978
51081	94160
51081	84916
51081	22984
51081	51118
51081	23480
26519	23480
27042	51118
27042	26574
27042	55759
27042	84916
27042	22984
10658	10150
10658	5073
26024	9692
51118	55759
51118	84916
51118	22984
51118	26574
84916	26574
84916	55759
84916	22984
1984	64969
22984	8662
22984	26574
22984	55759
22984	64969
64969	64981
64969	64978
26574	55759
64978	64981
8661	8663
8661	8662
8662	8663
135644	222696
