1000
10000
10003
100048903
100048907
100048923
100048924
10007
1001
100101267
100124696
100125288
100128081
100128537
100128788
100128881
100128977
100129269
100129271
100129347
100129405
100129570
100129583
100129641
100129722
100129726
100129738
100129755
100129858
100130015
100130148
100130581
100130756
100130758
100130855
100130889
100130988
100131138
100131208
100131609
100131814
100132074
100132891
100132923
100133172
100133205
100133545
100134869
100134934
100137047
10014
10018
10019
100270852
100271260
100271715
100287272
100287722
100287898
100288428
100289092
100289373
100289414
100292680
100302692
100309464
100379251
1004
100418744
100419056
100419471
100419608
10042
100420505
100420926
100421371
100421436
100421577
100421582
100421823
100421828
100422238
100422339
100422558
100422581
100422712
10043
10044
10046
100499183
100499405
100499466
100499483
10050
100505532
100505591
100505625
100505678
100505741
100505761
100505875
100505894
100506068
100506084
100506115
100506157
100506211
100506299
100506311
100506328
100506343
100506371
100506380
100506436
100506451
100506555
100506581
100506686
100506713
100506736
100506755
100506775
100506866
100506939
100507073
100507178
100507257
100507266
100507398
100507401
100507421
100507436
100507530
100507540
100507607
100507629
100507679
100508120
10052
100526771
10053
100533642
100533665
10055
10062
100652824
100653489
10066
10067
10079
1008
10082
100861530
100862662
10087
100873949
100873993
100874029
100874048
100874058
100885789
100887755
1009
10090
10092
10095
100996307
100996324
100996485
100996569
100996669
100996941
10100
10102
10105
101060105
101060264
10107
10109
101101775
10114
1012
10121
10123
10125
1013
101362076
10138
10139
101410538
10150
10154
10160
10165
10178
1018
10180
10184
10186
101926925
101926978
101927003
101927084
101927167
101927215
101927217
101927324
101927586
101927587
101928062
101928079
101928243
101928337
101928376
101928435
101928736
101928784
101929010
101929023
101929111
101929302
101929329
101929664
101929685
101929760
101929765
101929768
101929769
10193
101954278
10198
102
10201
10204
1021
10211
10217
10218
10219
10231
10242
10243
102465537
10248
10251
10255
10257
10263
102723346
102723742
102723886
102724508
102724539
10274
10279
10282
10295
10296
10301
10318
10326
1033
10330
10333
10335
10351
10367
10371
10384
10385
10391
10395
10397
104
10400
10404
10409
1041
10413
10420
10421
10423
10425
10428
104355297
104384744
10446
104472713
104472715
104533120
10455
10461
10473
10477
10478
104797537
10491
10499
10507
10509
10513
10516
10519
10522
10524
10529
105371416
105375013
105377006
105379098
105379219
10540
10544
10552
10554
10559
10584
10587
10589
10590
10600
10613
10629
10636
106479038
106479045
106479269
106480346
106480429
106480466
106480739
106480806
106481796
106481919
10653
10658
10663
10665
10666
106660612
10667
10672
10678
106903081
107
107075214
10712
10713
107133516
107133522
10714
1072
10725
10735
10745
10748
10753
10758
10763
10767
10768
10771
10777
10783
10788
108
10807
10809
10815
10817
10826
10827
10847
10861
10866
10873
10892
10898
109
10913
10919
10920
10924
10927
10933
10947
10948
10956
10960
10970
109729114
109729168
109731405
10979
10989
10992
11014
11015
11036
11044
11046
11056
11057
11059
11060
11064
11074
11076
1108
11094
11101
11102
11113
11116
11118
11119
1112
11120
11122
11131
11132
11133
11138
11140
11141
11151
11152
11165
11172
11173
11174
11177
11180
11181
11185
11197
1120
11201
11215
11216
11221
11223
11226
11238
112399
1124
11240
11245
112476
11259
11261
11262
11270
11272
11273
112755
11281
112869
112885
112936
112939
1130
11309
113146
11315
113178
113201
11321
11329
11332
11336
11339
11342
11343
113510
113612
113802
113828
1139
1140
114036
1141
1143
114327
114781
114783
114786
114789
114792
114793
114794
114795
114799
114804
114815
114826
114876
114880
114885
114898
114900
114904
114907
114908
115111
115286
115290
115294
115350
115352
115399
115650
115701
115752
115908
115992
116028
116154
116285
116349
116447
116449
116461
116496
116534
116729
116840
116931
116983
116985
116986
116987
117145
117154
117245
117247
117283
117289
117532
117583
117584
118424
118425
118426
118429
1185
118980
119
119032
1192
1196
1201
120376
120400
1207
120892
121006
121260
121274
121275
121457
121512
121536
121551
121665
122042
122402
122616
122618
122953
1230
123016
1232
123263
1235
123591
123970
124044
124045
1241
124152
124359
124460
124491
124540
124626
124739
124783
124871
124989
125058
125206
125336
125893
125950
125988
126129
126147
126353
126364
126526
126549
126626
126668
126669
126789
126792
127
1270
1271
1272
127281
127428
127435
127495
127731
128025
128240
128338
128387
1284
128434
128500
128611
128637
1287
128853
128854
128869
128876
129049
129293
129446
1295
129563
129804
129807
129880
129881
130132
1302
130271
130540
130574
130827
130872
1310
131034
131096
1314
131450
131566
132
132001
132112
132299
1326
132660
132720
132949
132989
133491
133686
133688
133690
134
134359
134430
134466
134505
134510
134728
134829
135138
1352
135644
135656
136288
1363
1364
1366
1368
1369
137075
1374
1375
137902
138046
138065
138151
1387
1388
1390
1393
1394
139818
14
140461
140469
140685
140699
140707
140730
140733
140775
141
1410
142
142678
142910
142913
143
143098
143279
1434
143425
1435
1436
143689
143872
1439
143903
144
144100
144165
144347
144402
144423
1445
144535
144568
144811
144817
1452
145389
145407
145508
145581
145773
1459
145957
1460
146198
146223
146429
146547
146923
147081
147184
147228
147323
147372
147685
147700
147710
147727
147872
148022
148109
148281
148423
148741
148867
148979
149041
149297
1493
1496
149830
149998
1501
150159
150223
150275
150350
150365
150372
150465
150468
1508
150962
1510
1512
151306
151525
151742
151790
151827
1519
151987
152006
152098
1521
152100
152273
152330
152404
1525
152503
152519
152641
153020
153090
153443
153478
1535
153745
1540
154007
154064
154075
154214
1543
154796
154810
155061
1551
155185
155400
155435
1565
157
1571
157285
157310
157313
157381
157574
157680
157739
157807
157869
157922
158038
1582
158326
158471
1589
159
1590
159013
1591
159296
1594
1600
1602
160365
160492
1605
160518
160760
160857
1609
161
1611
161357
161436
1615
161725
161835
161882
1620
162427
162517
162540
162632
162681
162967
1630
163087
163486
163590
163702
1638
163882
164395
164592
164633
164832
165186
165324
1656
165679
1657
166336
1665
1666
166824
167410
167465
167555
168507
168667
169792
170384
170463
170504
170591
170679
170680
170691
170850
170954
170958
171023
171024
171546
171568
1717
1719
1730
1731
1734
1738
1740
1755
177
1770
1776
1780
1785
1794
1795
1797
18
1803
1804
1805
1806
1808
1811
1815
1826
1827
1837
1859
1889
1890
1908
1910
1911
1912
192111
192666
192670
192683
1946
1948
1949
1955
1956
195828
1959
196
196051
196074
196383
196475
196500
196872
196951
197320
1984
199
1992
1998
199834
199857
200008
200312
200373
200634
200728
200734
200765
200845
200931
200933
200942
2011
201134
201176
201229
201266
201288
201292
201294
201626
201780
201973
202
202020
202051
202052
2023
202559
2030
203062
203102
2033
2035
2036
2038
2045
2047
2048
2050
205428
2063
2064
2070
2078
2098
2103
2108
2114
2117
2121
2131
2137
2139
2140
2145
2146
2153
2157
2161
217
2175
2176
2178
2185
2186
2189
2191
219293
219537
219771
219790
2200
220136
220164
220323
2204
220594
220929
220972
220980
221002
221035
221061
221074
221154
221191
221262
221264
221294
2213
221322
221336
2214
221421
221496
221527
221547
221692
2217
221806
221883
221895
221935
221937
221955
2222
222235
2224
222553
222658
222659
222663
222696
222698
223
2230
223075
2237
2259
2262
2264
2266
2272
22794
22797
22800
22806
22807
22826
22828
22843
22844
22848
22849
22852
22853
22854
22858
2286
22861
22864
22870
22871
22874
22876
22877
22891
22895
22904
22906
22911
22913
22914
22919
22925
22926
22934
22937
22941
22955
2297
22979
22980
22981
22984
22987
22990
22998
23
23002
23005
23012
23022
23023
23030
23031
23033
23034
23035
23036
23037
2304
23040
23042
23046
23047
23051
23052
23053
23054
23057
23059
23064
23066
23072
23075
23076
23077
23078
23080
23081
23086
23087
2309
23090
23091
23093
23094
23095
23097
23105
23113
23114
23120
23126
2314
23140
23142
23143
23144
23150
23163
23164
23166
23167
23168
2317
23174
23175
23178
23179
23187
23189
2319
23190
23203
23205
23214
23223
23224
23225
23228
23239
23243
23245
23247
23250
23252
23253
23254
23261
23262
23263
23264
23265
23268
23269
23271
23274
23276
2328
23281
23285
23288
23293
23294
23304
23305
23312
23314
23315
23321
23322
23325
23331
23332
23335
23338
23339
23345
23348
23349
23350
23355
23358
23360
23362
23365
23366
23369
23370
23371
23379
23382
23384
23385
23387
23389
23395
23400
23403
23408
23411
23414
23415
23416
23423
23426
23451
23457
2346
23461
23469
23475
23480
23484
23505
23506
23512
23516
23522
23534
23543
23546
23548
2355
23558
23564
23566
23567
23569
2357
23576
23586
23587
2359
23595
23603
23613
23623
23635
23636
23639
23648
23649
23660
23670
23704
23731
23751
23752
23759
23765
23769
23787
23788
24139
24149
245812
246777
246778
2475
2517
2524
252969
252983
2530
253018
253039
253128
253143
253152
2533
253430
253461
253558
253559
253582
253769
253827
254042
254050
254100
254102
254122
254128
254173
254187
254251
254295
2543
254394
254910
2550
255043
255130
255231
255275
2555
255877
256021
256051
256158
2562
256227
256329
256356
256380
256471
256691
256764
257068
257160
257194
257397
25759
25769
25775
25782
2580
2581
25813
25814
25816
25820
25824
2583
25833
25839
2584
25843
25844
25849
25850
25852
25861
25862
25865
25870
25885
25890
25893
25895
2590
25902
25903
25909
25914
259217
25923
259230
259232
25924
25925
259266
25927
25930
259308
25943
25953
25961
25962
25963
25970
25975
25989
25998
26010
26011
26015
26024
260293
26033
26037
26039
260425
260434
26053
26056
26074
26086
26091
26094
26115
26128
26133
26135
26137
26147
26190
26191
26205
2622
26227
26251
26259
2626
26270
26273
26275
2629
26297
2630
2631
26354
2641
2643
2646
26468
26469
26470
26471
26472
2649
26503
26509
26519
26574
26575
26576
26610
266619
266629
266812
266977
267002
267015
2672
2673
26751
26762
2681
2686
2690
26958
2696
26993
26995
26996
26999
27006
27020
27032
27040
27042
27063
27067
27068
27072
27077
27085
27097
27113
27115
27120
27123
27131
27132
27133
27154
27175
27183
27185
27201
27230
27241
27242
27245
27249
27254
27255
27293
27296
273
27300
27314
27327
2733
27332
2734
27340
27342
27347
2735
27351
2737
275
2762
2768
2773
2804
2829
282991
283014
283050
283078
283131
283232
283234
283337
283373
283375
283377
283383
283385
283450
283459
283464
283487
283507
283547
283571
283635
283638
283663
283682
283860
283899
283933
283989
283991
283999
284
284047
284058
284098
2841
284110
284119
284129
284215
284217
284252
284353
284358
284359
284408
284427
284434
284439
284498
284615
284618
284649
284751
2848
284835
284900
285025
285175
285286
285343
285359
285362
285456
285527
285555
285590
285600
285605
285668
285672
285755
285796
285829
285830
285834
285848
2859
285943
286
286002
286042
286053
2861
286101
286140
286205
286827
2869
287
2873
2876
2879
28823
2885
2889
2890
2892
28952
28956
28957
28965
28968
2897
28973
2898
28982
28984
28985
28987
2900
2901
29015
2903
2904
2907
29070
29079
2908
29091
29101
29103
29106
29113
29115
29121
29123
29125
2932
2934
2937
2941
2968
2975
29763
29766
29767
29796
29800
2982
29841
29843
29883
29888
29890
29920
29924
29925
29933
29940
29952
29953
29957
29958
29959
2997
29970
29994
3
30008
30010
30011
3048
3054
306
3074
308
30811
30812
30815
30833
30834
30836
30849
3087
3090
3091
3092
3097
3105
3106
3107
3108
3109
311
3112
3113
3115
3116
3117
3118
3119
3120
3122
3123
3127
3128
3132
3133
3134
3135
3136
3137
3138
3139
3146
3163
3170
3172
3198
32
3202
3203
3204
321
3217
322
323
3257
3265
326607
327
3275
3295
3308
3310
3311
332
3320
3321
333
3338
334
3355
3363
3371
337867
337876
3381
338339
338440
338811
339105
339210
339240
339241
339244
3394
339804
339834
339965
340061
340120
340198
340267
340351
340390
340527
340895
341350
341359
341567
3416
342132
342357
3425
342892
343
343171
343450
344148
344462
344558
344657
344752
3454
345557
345611
3460
346085
346157
346171
347252
347344
347732
347733
347918
3480
3481
348751
348825
349075
349152
349667
3499
35
351
3516
352909
352957
352962
352963
352964
352965
352966
352990
353001
353003
353004
353005
353013
353134
353135
353137
353142
353144
353145
353194
353345
355
3554
3557
3559
3560
3563
357
3570
3574
3575
3577
3579
3592
3594
3595
3596
359743
359803
360023
3607
3609
3631
3633
3635
3654
3655
3658
3661
3662
3663
3664
3665
3673
3676
3678
3680
3683
3684
3687
3691
3692
3693
3700
3705
3706
3707
3708
3709
3710
3716
3717
3720
373159
3737
374378
374462
374655
374739
3748
374819
374987
3751
375133
375298
375318
375346
375387
3756
375686
375748
375775
3761
3773
3778
378805
3790
3792
3797
3798
3799
3809
3811
3815
3820
3821
3822
3823
3831
3834
3836
3837
3842
3846
387
387032
387055
387063
387103
387122
387273
387521
387700
387837
387893
387921
388021
388228
388325
388403
388550
388559
388569
388649
388650
388697
388699
388815
388963
389015
389072
389118
389119
389120
389125
389170
389333
389376
389493
389643
389668
389715
3899
390
390205
390211
390595
390637
3908
391026
3912
391256
391356
3915
391533
3916
3918
392
392371
392862
3929
394254
394263
3945
3948
395
3965
3976
3977
3988
3990
3992
3993
3995
399520
3996
399669
399687
399818
399909
399923
399947
399948
4000
400451
400568
400578
400579
400617
400619
400757
4008
400935
400945
400954
400955
400957
400960
400997
401014
4012
401242
401247
401253
401398
401474
401491
401541
4026
402778
4035
4038
4040
404093
4041
4045
4046
4048
4049
4055
4065
4067
4074
4076
4087
4088
4117
4118
4126
4129
4137
4141
414236
4143
414328
4147
414764
414771
414777
414778
4149
415116
4163
4166
4175
4179
4194
4199
4205
421
4212
4215
4216
4217
4233
4234
4237
4238
4248
4249
4253
4257
4261
4277
4279
4280
4284
4285
4289
4292
4295
4296
4299
43
4300
4301
4306
4308
4325
4331
4335
4337
4340
4351
4353
4360
440044
440050
440081
440350
440356
440585
440799
440823
440836
441108
441151
441168
441212
441389
441459
441631
441869
442086
442179
442197
442590
442676
4437
4438
4439
4440
445815
4482
4485
4486
4515
4520
4524
4581
4582
4589
460
4600
4607
4637
4642
4643
4644
4645
4650
466
4664
4669
4683
4685
4686
4688
4689
4703
4705
472
4722
4724
4728
473
4731
4733
4735
4736
4741
474170
4763
477
4773
4774
4783
4790
4795
4798
4799
4807
4809
481
4810
4815
4817
483
4836
4837
4842
4843
4848
4853
4854
4855
4862
487
488
4892
4905
491
4914
4915
4916
4927
4931
493812
493821
493829
493856
497190
4978
498
49855
4987
50
5000
5010
5016
5017
5019
5033
503542
503643
5037
503838
50488
50515
5058
50615
50618
50619
5062
5063
50650
50651
5066
5067
5071
5073
50807
50854
50861
5087
5089
5090
5091
50939
50944
5095
5096
51
5101
51019
51024
51028
51053
51057
51059
51061
51063
51070
51072
51074
51078
51081
51083
51084
51099
51101
51103
51105
51118
51128
51130
51134
51136
51142
51144
51150
5116
51166
51167
51168
5119
51199
51203
51214
51218
51230
51232
51239
51244
5125
51256
51258
51259
51271
51275
51277
51279
5128
51281
51300
51302
51306
51315
51317
51326
51329
5133
51332
51340
51341
51347
51348
51362
51368
51372
51374
5138
51380
51385
51389
51390
51397
51399
5141
5142
51422
51426
5143
51430
51433
51447
51455
51460
5147
51504
5151
51513
51517
5152
51520
51531
51535
51542
51552
51559
51561
51564
51593
51604
51606
51617
51619
5162
51626
51645
51652
51659
5167
51676
51684
51715
51719
51720
51729
51735
51741
51742
51744
51750
51752
51761
51762
5191
5195
5205
5209
5210
5213
5218
5226
5236
5252
526
5261
5270
5272
5286
5287
529
5291
5294
5297
53
5303
5305
5313
5318
5321
5328
5331
5334
53347
53353
53371
5339
534
53405
5341
5351
53637
5365
5372
5373
53833
53841
5387
53904
53917
53938
54014
54020
5409
541
54102
541471
54187
5420
54206
54212
5432
5434
54361
54386
5442
54435
54454
54456
54463
54464
54467
54476
54477
54496
545
5450
54504
54512
5452
54520
54529
54531
54532
54535
54540
54542
54545
54549
54566
54587
5460
54617
54621
54626
54677
54708
54715
54718
54751
54757
54765
54777
54778
54785
54790
54795
54796
54805
54806
54808
54816
54826
54828
54834
54836
54847
54849
54854
54858
548594
54870
54874
54875
54877
54878
54880
54881
54886
54887
54890
54899
549
54901
54904
54913
54914
54916
54922
54923
54926
54927
54930
54934
54940
54943
54946
54958
5496
54965
54972
54973
54986
54997
55001
550112
55012
55014
55015
55016
55022
55023
55024
55027
55031
55048
55052
55054
55061
550631
55068
55073
55074
55076
55080
55081
55084
55089
55095
55118
55120
55127
55129
55132
55133
55135
55140
55144
5515
55154
55170
55183
55187
55188
55191
55193
55197
55206
55214
55217
55219
55227
55238
55239
55240
55245
55249
55254
5527
55275
55276
55277
55279
55280
55291
55296
5530
55304
553148
55315
5532
55332
55333
55334
55342
55345
55351
5536
55361
55366
55367
55432
55435
55454
55501
55509
55512
55527
5553
5554
55553
55558
5558
55600
55604
55608
55619
55625
55626
55628
5563
55631
55632
55633
55636
55643
55666
55680
55689
5569
55692
55701
55711
55714
55715
55716
55719
55722
55728
55731
55732
55740
55741
55743
55755
55758
55759
55761
55765
55777
55779
55784
55786
5579
55790
55795
55799
55802
5581
55818
5582
55823
55833
5584
55840
55843
55847
5585
5586
55861
55862
55869
5587
55872
55876
5588
55892
55893
55902
55905
55911
5592
55924
5593
55937
5594
5595
55954
55959
5596
55966
56006
5601
5602
56034
5604
5607
56107
5611
56114
56155
56164
5618
56243
56244
56246
56252
56265
56267
56288
5639
56477
5649
56521
56606
56623
56658
56659
56731
5681
5682
56829
56848
5686
5687
56893
56895
56896
56898
56899
56901
56907
56912
56913
56919
56920
56941
56945
5695
56950
56964
56971
5698
56983
5699
56990
56994
56996
57003
57017
57019
5702
57020
57030
5709
57096
57097
57099
5710
57102
5711
57115
57118
57128
57142
57144
57148
57153
57154
57162
57176
57184
57194
572
57211
57214
57216
57217
57231
5728
5733
57332
57337
57338
5734
5739
574036
57406
57409
57412
57419
574431
57446
57449
57451
57453
57459
5746
57468
57478
57479
57480
57484
57491
57496
57497
57501
57502
57504
57505
57507
57508
57509
57511
57514
57520
57532
57534
57535
57536
57544
57551
57553
57556
57562
57572
57578
57579
57583
57595
57600
57602
57605
57606
57608
57609
57611
57619
57622
57624
57626
57628
57630
57634
57644
57648
57654
57657
57659
57661
57669
57670
57673
57674
57678
57698
57699
577
5770
57700
57705
57706
57707
57708
5771
57710
57722
57732
5777
57787
57794
57798
578
57822
57823
5783
57830
5786
57862
5789
5792
5793
5795
5796
5799
580
5801
5802
58155
5816
5817
5820
5825
5827
58472
58477
58486
58496
58506
58508
58513
58529
58533
58538
5858
5861
5862
5869
5870
5873
5874
5878
5880
5885
5890
5892
5893
58985
59
5900
5905
5906
5909
5910
5913
5921
5924
59269
5927
59277
59342
59345
59352
5937
594
5947
594855
595101
596
5961
5962
5966
5978
5987
5996
5998
6000
6002
6009
6014
6016
6017
60313
60343
60386
604
60401
60412
6046
60468
6048
60481
60488
60490
60491
60495
6050
60676
60678
60680
60685
6091
6092
6095
6097
613211
6148
6163
6185
619207
619208
619279
6196
6197
6198
6204
6205
6222
6224
6231
6237
6240
6249
6253
6257
6262
6263
6302
63027
6314
6326
6334
6339
6340
6342
6344
6357
6364
6368
6374
63876
63891
63892
6390
63916
63925
63929
63939
63941
63943
63951
6397
63976
63979
640
6400
6405
64067
64077
64080
64083
64084
64090
64094
64114
64115
64116
64127
64131
64135
641467
641518
64167
64170
6419
642
6424
642636
6427
64288
642924
642987
6430
64319
64324
64326
64327
64328
64332
64333
643744
643749
64375
64386
64395
64398
64410
644157
644172
644191
644192
64420
644246
644253
644397
644566
6446
6447
6448
644815
645027
645160
6452
6453
645694
6457
64577
645784
645954
645960
64598
64599
646113
64641
64651
646702
6468
64689
646982
64699
6470
647015
647215
647219
64744
64754
64759
64761
64771
64784
64785
64787
64800
64838
64844
64849
64850
64852
64856
64859
64895
64900
64925
64927
6493
6494
64943
64969
6497
64978
64981
6499
6500
65010
65012
6503
6506
65065
65084
6510
6512
651250
651302
6515
65217
65243
6525
65264
6528
652968
652972
653082
653121
653140
653147
653247
653479
653483
653677
654346
6545
6546
654790
6549
6550
6558
6564
6565
6569
657
6583
6584
6585
659
6594
65944
6595
6597
65980
65983
65985
6599
65991
660
6603
66036
6605
661
6610
6613
6621
6625
6631
6636
6638
6641
6654
6660
6672
6683
6710
6711
6720
6729
6732
6753
6768
677
6773
6774
677772
678
6786
678655
6789
6799
6810
6817
6821
6824
6825
6829
6838
6840
6843
6850
6855
686
6869
6875
6879
6882
6888
6890
6891
6894
6899
6904
6905
6911
6916
6921
6924
6928
6935
6938
6941
6954
6988
6992
7003
7005
7006
7008
701
7016
7022
7024
7029
7038
7039
7049
7054
7059
7074
7082
7083
7087
7092
7093
7096
7103
7107
7109
7113
7124
7132
7140
7143
7145
7146
7148
7156
7157
7158
7159
7163
7164
717
7180
7185
7187
720
7204
7205
721
7223
7225
7227
7253
727
7270
7273
727851
727957
728121
728215
728294
7284
728589
7286
728637
728734
728741
728938
729082
729085
729092
729096
729178
7292
729230
729338
729359
7294
7295
729522
729582
7296
7297
729723
729830
729852
730091
7306
7311
731220
7318
7320
7322
7323
7325
7332
7341
7371
7373
7398
7402
7403
7405
7423
7424
7430
744
7444
745
7450
7453
7456
746
7468
7469
747
7473
7507
7518
752
7520
7535
754
757
7574
7576
7581
7582
7629
766
768086
7690
7695
7704
7718
7726
773
7738
774
7741
775
7754
7761
7763
777
7770
7775
7776
778
779
7795
780
7803
781
7813
782
783
7832
7840
7850
7867
7871
7881
78996
790
79000
79001
79003
79007
79012
79019
7903
79033
79035
79066
79068
79074
79080
79092
79096
79109
791114
79132
79133
79143
79147
79153
79154
79158
7916
7917
79172
7918
79183
79184
7919
7920
7923
79258
79269
7932
7936
7940
79442
79443
79447
79465
79469
79582
79591
79612
79623
79628
79632
79659
79660
79664
79665
79667
79676
79680
79682
79692
797
79706
79722
79724
79726
79740
79747
79748
79750
79759
7976
79760
79770
7978
79780
79783
79801
79807
79809
79819
79823
79833
79837
79839
79841
79844
79847
79858
79861
79871
79872
79874
79879
79883
79893
79895
79897
79899
79902
79939
79949
79956
79959
79961
79970
79971
79974
79982
79986
79987
80005
80008
80012
80018
80022
80031
80034
80036
80039
80114
80127
80129
80153
80179
80198
80205
80206
8021
80212
80219
80227
80232
80270
80274
8028
8029
8030
80303
80309
80311
80315
80317
80328
80333
8034
80342
80351
80352
8038
8050
80700
80705
80726
80736
80739
80740
80741
80742
80746
80762
80772
8079
80820
80824
80829
8085
80853
80862
80863
80864
80868
8099
8110
81285
8139
81440
81490
815
81533
81550
81553
81554
81563
81570
81575
81578
81603
81605
81606
81615
81618
81619
81624
81695
8178
81790
81792
81793
81794
818
81846
81853
81858
81894
819
8192
81930
8200
821
8224
8260
8269
8270
828
8289
829
8291
8295
830
8302
8303
8309
831
8312
832
8323
83450
83463
83478
83481
8356
83593
83595
83597
836
83604
83607
8362
83638
83642
83643
83648
83650
83655
83656
83696
83698
83707
83715
83719
83723
83746
83756
8379
83851
83872
83891
83938
83943
8395
83985
83988
83992
83999
840
8402
84062
84070
84074
84077
84079
84083
841
84100
8412
84133
84141
84146
84148
84152
84153
84154
84159
84162
84164
84167
8417
8418
84181
84182
84187
84223
84224
84226
84239
84251
84253
84268
84274
84275
84276
84281
84284
84285
84286
84287
84293
843
84300
84303
84318
84320
84328
8435
84376
844
8440
84418
84433
84440
84441
84448
84455
84456
84464
84465
84467
8448
8449
84498
84501
84529
8453
8454
84557
84570
8459
8460
84619
8463
84632
84636
84648
84650
84660
84665
84668
84674
84679
84695
8470
84708
84725
84726
84747
8476
84769
8477
84807
8482
84830
84833
84856
84868
84875
84879
84883
84888
84890
84896
84897
84898
84899
84901
84902
84910
84916
84938
8495
84951
84952
84953
84959
8496
84961
84969
8497
84976
8498
84989
8499
84991
8501
85021
8506
8507
8508
8509
8514
8516
8520
8526
8527
8528
85300
85301
85302
8532
8533
8537
85376
8540
8541
85417
85437
85440
85443
85444
85457
85458
8546
85461
85463
85464
85480
8549
8550
8554
8556
8557
8558
8559
8563
8567
8572
859
860
8603
8604
861
8621
8622
8629
863
8635
8648
8650
8658
8661
8662
8663
8671
8672
8675
868
8690
8694
8701
8715
8718
8724
8725
8729
8736
8745
8751
8763
8764
8767
8771
87769
8777
8784
8797
8802
8805
8807
8808
8809
8815
8816
8826
8844
8850
8854
8859
8870
8874
8880
8883
8887
8891
8897
8909
8911
8913
8915
8924
8925
8927
8932
8935
8943
8974
89796
89797
89822
89846
8986
8987
89870
89874
89884
89894
89910
8992
89927
8994
8995
89953
8997
89970
89978
90024
90025
90133
90139
90141
90187
9019
90196
9020
90203
90273
90333
9034
9037
90381
90459
90507
90523
9054
90780
90806
90835
90871
9094
9100
9103
91050
91056
91107
91133
91156
9117
9118
9121
91252
9127
91289
9135
9141
91419
9144
91442
9145
91522
91526
91544
91574
9158
9162
9169
9173
91749
91750
91752
91754
9180
9181
91828
91869
9187
919
91942
9196
91975
92
9200
92014
92017
9202
9209
92092
921
9211
9214
9215
9217
92170
92255
92270
9228
92285
9229
92291
923
9231
9232
92335
9244
92521
9253
9258
92591
92595
92610
9265
9267
92675
92689
92714
92737
9274
9290
92960
92979
93035
93058
9310
9312
9317
9320
9321
93210
9326
9333
9334
9341
9349
9351
9353
9354
93550
93627
9369
9372
9374
9378
93986
9402
94025
9404
94086
941
9410
94103
94120
94134
94137
9415
94160
942
9423
9425
9429
943
9442
9443
9444
9445
9452
9454
9465
9466
9472
9474
948
9489
9497
9501
9508
951
9516
9520
953
9542
9564
9568
95681
9577
958
9588
9590
960
9605
961
9611
9612
9619
9628
9632
9639
9641
9644
9645
9647
9649
965
9653
9654
9657
9672
9677
9692
9693
9696
9699
970
9701
9702
972
9720
9723
9726
9732
9736
9739
9743
9745
9749
975
9750
9755
9758
9765
9771
9772
9777
9779
9780
9784
9793
9802
9806
9807
9810
9811
9814
9815
9817
9821
9825
9826
9830
9832
9839
9842
9844
9849
9853
9857
9862
9863
987
9873
988
9882
9884
9887
9889
9894
9901
9905
9912
9918
9919
9924
9927
993
9931
994
9945
9956
9958
9961
9963
9966
9976
9980
999
9990
9991
9997
