node	DC	CC	EC
2048	0.04	0.359	0.037
2050	0.028	0.345	0.023
92170	0.011	0.32	0.01
10251	0.004	0.326	0.012
2064	0.072	0.421	0.1
79899	0.006	0.292	0.003
55332	0.002	0.302	0.004
163882	0.002	0.209	0
6196	0.015	0.338	0.03
6197	0.013	0.336	0.028
6198	0.045	0.396	0.066
51256	0.015	0.329	0.021
55361	0.015	0.316	0.006
2114	0.013	0.348	0.031
55367	0.006	0.309	0.005
10318	0.002	0.292	0.003
6237	0.059	0.387	0.053
57449	0.006	0.325	0.007
51306	0.004	0.323	0.007
286827	0.002	0.302	0.004
4215	0.006	0.306	0.005
4216	0.006	0.288	0.004
4217	0.023	0.334	0.016
51329	0.002	0.247	0
30849	0.028	0.326	0.012
10371	0.034	0.337	0.02
80005	0.004	0.263	0.001
57480	0.002	0.233	0
2185	0.04	0.392	0.056
4233	0.076	0.434	0.105
10395	0.011	0.331	0.009
10397	0.004	0.303	0.004
53405	0.002	0.27	0.001
80031	0.013	0.29	0.006
2213	0.011	0.324	0.014
51368	0.011	0.292	0.013
57514	0.006	0.348	0.015
10413	0.019	0.342	0.015
10423	0.021	0.327	0.008
8395	0.03	0.358	0.02
4301	0.023	0.351	0.022
57556	0.013	0.29	0.006
2264	0.021	0.351	0.046
55512	0.011	0.279	0.002
2266	0.064	0.365	0.124
8412	0.002	0.285	0.003
51422	0.017	0.315	0.009
2272	0.004	0.304	0.004
57583	0.002	0.248	0.001
8440	0.049	0.362	0.035
2309	0.042	0.381	0.055
6405	0.015	0.291	0.006
55558	0.03	0.32	0.012
2314	0.006	0.225	0
10507	0.025	0.345	0.021
10509	0.011	0.286	0.005
22797	0.002	0.269	0.002
22800	0.034	0.34	0.025
22806	0.025	0.358	0.053
284	0.025	0.361	0.046
8482	0.013	0.287	0.005
57644	0.006	0.258	0.001
6446	0.015	0.323	0.01
57648	0.002	0.266	0.001
2355	0.006	0.322	0.013
308	0.021	0.368	0.037
57670	0.051	0.359	0.113
399687	0.006	0.31	0.01
260425	0.008	0.259	0.001
55626	0.015	0.299	0.005
22861	0.004	0.274	0.002
4440	0.006	0.258	0.001
22876	0.021	0.317	0.007
8546	0.049	0.357	0.113
355	0.034	0.377	0.027
8550	0.008	0.336	0.015
6503	0.004	0.3	0.005
57705	0.006	0.269	0.001
57706	0.006	0.281	0.002
51561	0.021	0.329	0.025
57710	0.002	0.268	0.001
8558	0.002	0.258	0.001
6512	0.004	0.292	0.003
8567	0.019	0.291	0.003
22906	0.049	0.357	0.113
27006	0.023	0.356	0.046
387	0.183	0.464	0.148
57732	0.006	0.333	0.017
55701	0.008	0.324	0.008
117145	0.002	0.275	0.002
90523	0.002	0.263	0.004
4515	0.002	0.275	0.002
2475	0.072	0.411	0.088
63916	0.019	0.345	0.016
8621	0.008	0.305	0.005
6585	0.015	0.291	0.006
55740	0.008	0.312	0.005
22979	0.004	0.246	0
84433	0.021	0.319	0.01
6610	0.013	0.282	0.003
201176	0.004	0.323	0.007
8672	0.011	0.312	0.006
84448	0.006	0.303	0.004
2533	0.013	0.284	0.002
27113	0.008	0.31	0.011
131566	0.002	0.223	0
23022	0.002	0.264	0.001
6641	0.008	0.256	0.001
66036	0.002	0.212	0
23031	0.004	0.311	0.004
23035	0.008	0.32	0.008
23037	0.002	0.202	0
117245	0.002	0.226	0
6654	0.127	0.441	0.161
143872	0.004	0.323	0.007
8718	0.008	0.312	0.006
2581	0.011	0.257	0.001
51735	0.008	0.268	0.001
51741	0.015	0.321	0.007
4637	0.013	0.328	0.011
117283	0.015	0.258	0.002
10788	0.008	0.33	0.009
145957	0.019	0.368	0.035
117289	0.006	0.326	0.007
139818	0.002	0.241	0
10809	0.004	0.249	0.001
572	0.021	0.341	0.039
8767	0.028	0.315	0.006
577	0.002	0.263	0.001
578	0.008	0.31	0.011
10817	0.019	0.339	0.029
2629	0.008	0.279	0.003
8777	0.006	0.252	0
53833	0.008	0.326	0.018
10827	0.049	0.357	0.113
84557	0.019	0.322	0.008
4688	0.015	0.36	0.022
4689	0.011	0.328	0.007
64083	0.002	0.237	0
596	0.036	0.365	0.051
64090	0.002	0.17	0
604	0.028	0.375	0.047
8797	0.013	0.328	0.011
8805	0.055	0.371	0.122
8807	0.011	0.304	0.006
8809	0.008	0.323	0.011
6774	0.138	0.436	0.156
8826	0.059	0.382	0.125
219771	0.011	0.265	0.001
23164	0.049	0.357	0.113
64127	0.019	0.277	0.002
640	0.036	0.366	0.037
23167	0.004	0.246	0
2690	0.021	0.348	0.045
6789	0.013	0.317	0.006
8844	0.049	0.357	0.113
10892	0.019	0.319	0.01
660	0.008	0.333	0.013
55966	0.002	0.298	0.003
121512	0.011	0.325	0.008
8874	0.045	0.362	0.033
64170	0.011	0.303	0.004
10924	0.004	0.198	0
4790	0.066	0.412	0.079
84668	0.002	0.246	0
4799	0.002	0.238	0.001
8897	0.013	0.255	0.002
84674	0.002	0.24	0
6850	0.076	0.413	0.088
23239	0.008	0.32	0.008
8915	0.021	0.32	0.011
23262	0.011	0.258	0.001
23263	0.006	0.326	0.008
56034	0.013	0.325	0.015
8935	0.002	0.221	0
6899	0.006	0.317	0.007
283383	0.002	0.197	0
129807	0.004	0.205	0
23312	0.004	0.225	0
8986	0.008	0.32	0.019
11044	0.051	0.357	0.113
23335	0.004	0.225	0
58155	0.013	0.321	0.01
4914	0.04	0.385	0.055
4915	0.034	0.359	0.04
4916	0.028	0.352	0.035
387893	0.004	0.307	0.008
148281	0.002	0.225	0
64319	0.002	0.248	0
836	0.089	0.439	0.09
2885	0.121	0.441	0.156
23365	0.015	0.344	0.013
840	0.023	0.327	0.013
841	0.057	0.379	0.05
2889	0.013	0.35	0.021
843	0.028	0.339	0.015
23371	0.004	0.28	0.005
64333	0.006	0.325	0.007
64332	0.004	0.292	0.003
23370	0.006	0.325	0.008
117584	0.004	0.307	0.005
860	0.013	0.344	0.027
7006	0.015	0.345	0.028
80739	0.004	0.307	0.007
11113	0.004	0.318	0.006
7022	0.011	0.333	0.013
11122	0.002	0.304	0.005
64375	0.002	0.264	0.002
11140	0.021	0.355	0.03
64398	0.015	0.292	0.002
84883	0.002	0.302	0.004
132001	0.002	0.246	0
7074	0.03	0.374	0.037
166824	0.002	0.241	0
7082	0.021	0.358	0.019
5037	0.047	0.349	0.106
2997	0.004	0.241	0.001
80824	0.008	0.322	0.021
54206	0.004	0.316	0.009
5058	0.085	0.401	0.063
54212	0.008	0.256	0.001
5062	0.068	0.392	0.051
5063	0.059	0.378	0.046
84938	0.008	0.249	0.001
11221	0.008	0.322	0.021
80853	0.051	0.357	0.113
84951	0.004	0.303	0.004
9180	0.011	0.311	0.017
7132	0.045	0.364	0.032
84959	0.004	0.325	0.009
375775	0.002	0.255	0.001
56288	0.023	0.36	0.014
999	0.062	0.425	0.079
7145	0.019	0.371	0.031
7157	0.132	0.431	0.115
7159	0.011	0.32	0.007
9209	0.002	0.184	0
246778	0.013	0.326	0.021
1018	0.004	0.264	0.001
1021	0.021	0.358	0.023
23558	0.004	0.264	0.001
5128	0.004	0.21	0
5147	0.004	0.25	0.001
9244	0.013	0.312	0.017
7205	0.004	0.295	0.003
257068	0.002	0.168	0
11315	0.006	0.329	0.008
23623	0.002	0.293	0.006
5218	0.006	0.265	0.001
1124	0.004	0.323	0.007
7294	0.008	0.326	0.014
7295	0.019	0.339	0.015
7297	0.066	0.367	0.077
9351	0.011	0.32	0.005
9353	0.036	0.35	0.024
124044	0.006	0.261	0.001
259230	0.021	0.33	0.023
25759	0.032	0.367	0.059
1185	0.049	0.357	0.113
5287	0.025	0.329	0.011
5291	0.074	0.419	0.1
154796	0.011	0.283	0.001
5294	0.051	0.413	0.064
5297	0.028	0.326	0.009
5305	0.021	0.328	0.012
154810	0.008	0.266	0.001
54463	0.004	0.202	0
3265	0.197	0.475	0.257
5321	0.015	0.343	0.03
9423	0.034	0.35	0.022
23769	0.002	0.263	0.002
5341	0.015	0.308	0.004
54496	0.002	0.293	0.002
9444	0.053	0.358	0.113
7402	0.032	0.319	0.014
7405	0.015	0.267	0.002
79092	0.011	0.293	0.006
5365	0.025	0.335	0.011
1270	0.023	0.341	0.033
1271	0.019	0.312	0.021
201973	0.002	0.263	0.004
64759	0.004	0.305	0.004
9466	0.023	0.327	0.028
7423	0.025	0.334	0.028
7424	0.036	0.346	0.045
9474	0.03	0.329	0.012
60676	0.002	0.274	0.002
79109	0.015	0.301	0.008
7430	0.036	0.37	0.028
25865	0.006	0.293	0.005
3338	0.002	0.251	0.001
9489	0.002	0.246	0
7450	0.064	0.365	0.124
79147	0.006	0.258	0.001
5420	0.004	0.279	0.001
56623	0.019	0.315	0.007
9520	0.002	0.251	0
50488	0.004	0.264	0.001
25925	0.002	0.255	0.001
9542	0.025	0.377	0.055
5450	0.004	0.297	0.005
9564	0.064	0.399	0.075
25953	0.002	0.256	0.001
25970	0.013	0.327	0.018
257397	0.019	0.31	0.008
3454	0.025	0.351	0.034
3460	0.015	0.315	0.021
25998	0.008	0.315	0.009
3480	0.051	0.408	0.091
3481	0.038	0.377	0.051
1436	0.025	0.345	0.03
1439	0.032	0.368	0.06
64927	0.004	0.246	0
1445	0.07	0.385	0.13
9639	0.004	0.323	0.007
1459	0.015	0.33	0.009
1460	0.015	0.329	0.009
50615	0.008	0.318	0.013
5563	0.021	0.317	0.012
54715	0.002	0.264	0.004
85440	0.004	0.309	0.007
26053	0.004	0.249	0.001
5579	0.068	0.402	0.079
9677	0.011	0.258	0.001
5581	0.045	0.375	0.061
5582	0.032	0.373	0.051
5584	0.028	0.366	0.016
5585	0.008	0.327	0.01
85458	0.002	0.223	0
5586	0.006	0.324	0.008
5587	0.017	0.347	0.024
5588	0.04	0.371	0.052
1496	0.008	0.306	0.004
50650	0.004	0.323	0.007
5595	0.161	0.461	0.232
5596	0.011	0.316	0.008
1501	0.008	0.253	0.001
9693	0.013	0.327	0.012
5594	0.17	0.468	0.238
5601	0.057	0.402	0.071
5602	0.045	0.388	0.054
5604	0.104	0.415	0.177
140775	0.006	0.289	0.001
3559	0.053	0.397	0.097
85480	0.015	0.318	0.017
3560	0.055	0.399	0.097
3563	0.03	0.355	0.052
3570	0.036	0.36	0.066
5618	0.011	0.326	0.02
3574	0.032	0.321	0.032
253430	0.023	0.327	0.011
9723	0.017	0.304	0.008
56829	0.049	0.357	0.113
153090	0.008	0.334	0.014
1540	0.021	0.331	0.013
3592	0.021	0.328	0.027
3594	0.025	0.334	0.03
345611	0.008	0.252	0.001
3595	0.021	0.328	0.027
3596	0.04	0.343	0.045
9743	0.006	0.327	0.009
56848	0.023	0.344	0.036
9750	0.002	0.317	0.005
9771	0.006	0.326	0.012
3631	0.017	0.321	0.008
3633	0.034	0.357	0.018
3635	0.051	0.383	0.065
284217	0.038	0.355	0.028
56896	0.006	0.256	0.001
1605	0.038	0.338	0.021
3655	0.023	0.364	0.035
1611	0.002	0.302	0.004
9807	0.015	0.258	0.002
1620	0.002	0.165	0
9815	0.025	0.303	0.013
56920	0.011	0.286	0.005
284252	0.002	0.25	0
9821	0.028	0.336	0.012
1630	0.034	0.374	0.041
5728	0.115	0.449	0.11
9825	0.006	0.261	0.001
9826	0.015	0.342	0.013
100271715	0.004	0.323	0.007
58985	0.015	0.319	0.017
9844	0.032	0.356	0.023
3705	0.023	0.329	0.013
3706	0.017	0.32	0.008
3707	0.017	0.32	0.008
124540	0.002	0.205	0
1666	0.017	0.346	0.013
3716	0.115	0.422	0.14
3717	0.144	0.417	0.195
9863	0.008	0.312	0.004
83593	0.011	0.328	0.012
54922	0.004	0.28	0.003
5771	0.021	0.354	0.044
5770	0.038	0.384	0.068
5783	0.019	0.355	0.021
163486	0.004	0.277	0.002
126626	0.017	0.346	0.033
5796	0.002	0.314	0.005
9894	0.006	0.292	0.003
5801	0.006	0.33	0.018
9901	0.015	0.334	0.013
9912	0.006	0.328	0.008
83648	0.006	0.268	0.001
3815	0.047	0.383	0.064
55024	0.004	0.268	0.001
89846	0.008	0.325	0.008
5880	0.125	0.41	0.058
1794	0.017	0.34	0.011
1795	0.006	0.286	0.003
79628	0.004	0.246	0
5900	0.021	0.365	0.033
55054	0.017	0.271	0.002
10000	0.049	0.38	0.051
1808	0.006	0.256	0.001
55061	0.002	0.174	0
5910	0.006	0.325	0.007
5913	0.028	0.313	0.014
89884	0.008	0.267	0.003
5921	0.064	0.393	0.076
1826	0.006	0.292	0.004
10019	0.015	0.329	0.02
10018	0.079	0.388	0.141
5924	0.013	0.354	0.022
1837	0.006	0.242	0.001
55089	0.002	0.226	0
57144	0.04	0.358	0.029
169792	0.002	0.257	0
79680	0.002	0.28	0.005
3908	0.032	0.326	0.017
10052	0.004	0.264	0.001
91975	0.002	0.201	0
5962	0.008	0.326	0.006
221002	0.002	0.322	0.009
3918	0.036	0.354	0.028
112476	0.017	0.343	0.031
26469	0.006	0.321	0.014
128869	0.002	0.205	0
5998	0.008	0.271	0.006
163702	0.011	0.326	0.021
10105	0.008	0.314	0.008
6009	0.025	0.328	0.014
6014	0.008	0.282	0.005
51072	0.011	0.338	0.017
6016	0.013	0.291	0.007
10114	0.004	0.304	0.004
57217	0.006	0.246	0
3976	0.028	0.353	0.043
3977	0.019	0.335	0.029
10125	0.013	0.341	0.025
59277	0.006	0.284	0.003
3993	0.008	0.277	0.001
1946	0.053	0.372	0.042
1948	0.055	0.359	0.044
1949	0.055	0.359	0.044
3996	0.008	0.276	0.001
4000	0.051	0.357	0.113
1956	0.127	0.457	0.156
10154	0.015	0.265	0.003
147372	0.002	0.257	0.002
94134	0.004	0.323	0.007
81846	0.006	0.246	0
81858	0.013	0.326	0.006
6091	0.034	0.347	0.023
6092	0.025	0.294	0.011
79837	0.017	0.327	0.011
4067	0.098	0.427	0.119
10219	0.011	0.333	0.016
2045	0.021	0.342	0.022
2047	0.042	0.365	0.046